350,131.0,1
436,0.0,7
489,25.0,1
461,0.0,0
155,0.0,7
290,5.0,3
347,0.0,1
597,1.0,0
354,0.0,5
239,0.0,7
346,0.0,2
179,1.0,3
626,0.0,5
206,0.0,1
657,1.0,8
182,1.0,7
517,171.0,0
467,5.0,5
407,0.0,8
96,0.0,4
432,0.0,7
348,93.0,2
656,0.0,6
486,8.0,3
315,91.0,3
210,44.0,9
486,38.0,5
457,1.0,1
542,76.0,2
522,3.0,6
515,14.0,8
543,0.0,7
491,4.0,0
407,96.0,0
372,0.0,0
380,0.0,5
566,2.0,2
598,0.0,2
655,0.0,8
183,76.0,4
186,0.0,6
485,2.0,7
381,2.0,9
343,36.0,2
656,0.0,6
572,0.0,6
354,0.0,8
156,0.0,3
271,0.0,6
486,150.0,3
297,0.0,5
405,7.0,7
571,0.0,9
330,29.0,5
401,97.0,8
550,2.0,1
656,0.0,2
545,17.0,7
372,14.0,2
539,1.0,5
601,3.0,6
712,0.0,9
294,219.0,8
406,0.0,7
268,10.0,0
407,0.0,0
431,18.0,6
323,130.0,0
101,0.0,5
320,0.0,2
358,9.0,0
130,34.0,5
657,45.0,8
100,0.0,6
318,197.0,2
210,197.0,4
345,18.0,2
270,1.0,6
347,0.0,8
295,121.0,4
184,9.0,9
575,1.0,6
234,248.0,2
377,21.0,7
569,21.0,9
411,72.0,5
542,15.0,9
683,20.0,2
181,0.0,6
327,0.0,6
489,16.0,8
180,22.0,4
243,0.0,6
516,28.0,5
434,43.0,8
568,11.0,5
265,125.0,3
124,6.0,6
379,47.0,0
490,115.0,3
438,0.0,3
300,0.0,5
486,44.0,3
571,22.0,7
543,0.0,4
325,1.0,9
100,3.0,6
297,106.0,5
454,68.0,0
432,0.0,8
379,18.0,0
328,0.0,1
321,15.0,2
126,0.0,2
512,69.0,8
372,14.0,3
713,0.0,7
320,85.0,2
657,6.0,6
213,103.0,9
382,0.0,5
661,2.0,2
243,60.0,6
182,40.0,8
212,118.0,9
429,225.0,8
294,232.0,8
487,81.0,7
239,0.0,9
575,72.0,6
442,0.0,0
714,0.0,0
515,51.0,6
369,0.0,9
327,41.0,6
73,0.0,0
427,7.0,0
183,239.0,5
-1,0.0,6
370,39.0,2
102,63.0,5
356,167.0,0
710,0.0,0
526,0.0,5
543,12.0,6
151,11.0,2
376,31.0,8
211,0.0,4
157,253.0,6
-1,0.0,2
-1,0.0,0
155,124.0,4
571,0.0,9
319,128.0,2
262,90.0,0
573,0.0,6
410,6.0,2
317,2.0,8
411,103.0,8
98,0.0,4
294,42.0,7
346,5.0,4
598,20.0,9
-1,0.0,6
242,14.0,6
-1,0.0,2
-1,0.0,4
581,19.0,7
353,0.0,5
210,83.0,9
103,0.0,6
131,18.0,5
543,16.0,9
211,103.0,9
656,67.0,8
544,3.0,2
544,5.0,2
124,0.0,4
99,0.0,6
403,100.0,6
348,245.0,2
298,0.0,5
466,69.0,8
569,30.0,4
183,97.0,9
269,154.0,6
435,64.0,2
294,171.0,5
129,0.0,8
462,11.0,0
428,37.0,8
153,0.0,1
358,21.0,5
626,0.0,3
298,9.0,5
654,7.0,6
486,122.0,2
212,116.0,0
656,0.0,8
264,150.0,3
183,7.0,3
464,0.0,2
292,154.0,3
295,128.0,5
485,32.0,8
520,32.0,3
374,3.0,8
293,11.0,7
458,41.0,5
265,130.0,4
457,66.0,6
295,59.0,5
405,0.0,9
487,57.0,5
458,0.0,6
294,231.0,5
318,46.0,3
596,0.0,7
381,248.0,0
294,250.0,5
573,224.0,8
266,116.0,0
656,5.0,8
465,26.0,1
156,0.0,8
515,75.0,2
657,137.0,8
652,0.0,1
289,0.0,2
344,3.0,8
124,59.0,8
656,0.0,3
209,0.0,9
372,18.0,7
373,191.0,7
709,0.0,2
470,0.0,8
238,81.0,6
456,250.0,8
402,4.0,4
354,102.0,9
185,15.0,5
464,137.0,8
526,25.0,2
236,86.0,4
661,62.0,6
330,47.0,0
625,0.0,4
322,182.0,8
295,189.0,7
205,22.0,9
536,25.0,8
182,0.0,8
428,74.0,8
290,0.0,8
622,0.0,7
-1,0.0,5
-1,0.0,4
415,0.0,9
571,144.0,4
243,0.0,6
245,32.0,5
159,47.0,0
518,11.0,0
-1,0.0,7
442,4.0,3
-1,0.0,6
684,28.0,7
181,0.0,9
213,142.0,6
-1,0.0,4
502,0.0,0
-1,0.0,6
429,118.0,5
101,13.0,0
-1,0.0,5
-1,0.0,0
#
#
73,0.0,2
-1,0.0,0
429,244.0,5
-1,0.0,6
492,136.0,5
428,0.0,0
90,0.0,0
-1,0.0,8
98,0.0,5
-1,0.0,0
630,61.0,5
212,254.0,6
351,182.0,1
-1,0.0,2
-1,0.0,8
-1,0.0,8
293,31.0,4
301,118.0,5
-1,0.0,6
-1,0.0,2
#
#
#
#
466,0.0,4
-1,0.0,2
-1,0.0,9
-1,0.0,0
257,234.0,2
-1,0.0,0
-1,0.0,2
-1,0.0,0
514,0.0,9
247,0.0,6
346,0.0,2
211,15.0,9
598,9.0,2
-1,0.0,8
268,246.0,8
-1,0.0,5
93,0.0,4
186,0.0,6
408,139.0,4
405,14.0,7
-1,0.0,9
69,0.0,4
203,4.0,9
432,0.0,7
#
#
191,0.0,6
-1,0.0,4
#
#
#
#
538,7.0,7
685,0.0,2
176,7.0,5
403,25.0,9
264,117.0,7
428,0.0,9
401,6.0,2
242,107.0,6
352,0.0,5
514,0.0,6
262,11.0,9
482,22.0,2
239,151.0,9
317,0.0,9
346,3.0,2
456,16.0,8
512,3.0,2
678,180.0,2
380,12.0,3
633,0.0,2
235,20.0,4
-1,0.0,6
399,3.0,8
242,0.0,6
-1,0.0,4
241,41.0,6
-1,0.0,2
-1,0.0,4
486,0.0,5
-1,0.0,0
433,44.0,8
-1,0.0,5
236,251.0,4
186,40.0,6
99,32.0,4
353,19.0,9
652,0.0,6
325,8.0,2
373,0.0,0
568,46.0,2
329,0.0,5
237,146.0,3
430,64.0,8
655,105.0,6
405,191.0,0
185,20.0,4
375,0.0,8
185,2.0,4
237,11.0,9
490,4.0,1
326,144.0,5
407,121.0,0
288,0.0,4
427,203.0,3
329,12.0,5
320,195.0,3
601,51.0,6
406,0.0,0
-1,0.0,3
264,95.0,2
411,0.0,5
406,110.0,0
126,32.0,2
374,77.0,8
455,221.0,3
291,147.0,3
268,0.0,1
454,0.0,3
383,40.0,2
264,8.0,8
357,62.0,3
319,37.0,8
95,0.0,5
345,0.0,3
-1,0.0,3
154,0.0,8
456,63.0,3
462,132.0,9
-1,0.0,9
377,156.0,8
356,106.0,4
653,12.0,7
293,247.0,5
265,85.0,6
182,17.0,4
238,128.0,9
459,0.0,8
214,0.0,6
327,35.0,5
349,249.0,9
265,250.0,7
680,0.0,9
387,29.0,5
402,159.0,6
-1,0.0,0
286,27.0,6
300,54.0,5
188,0.0,5
344,126.0,3
247,4.0,5
213,73.0,7
456,211.0,5
408,252.0,0
266,83.0,0
430,0.0,5
350,35.0,3
541,18.0,8
574,253.0,2
351,45.0,6
407,82.0,0
242,0.0,6
298,0.0,8
608,2.0,1
323,239.0,1
160,3.0,1
487,45.0,8
627,183.0,3
273,128.0,2
487,34.0,1
436,0.0,8
175,26.0,2
265,8.0,1
329,252.0,2
-1,0.0,4
296,163.0,1
354,133.0,9
467,10.0,8
-1,0.0,2
575,110.0,7
544,46.0,3
-1,0.0,4
627,2.0,9
553,0.0,7
634,44.0,8
351,65.0,7
-1,0.0,9
686,19.0,2
239,38.0,7
267,249.0,8
-1,0.0,2
572,0.0,6
574,4.0,9
430,0.0,8
-1,0.0,0
632,40.0,1
436,146.0,4
428,0.0,4
514,214.0,9
440,0.0,5
580,9.0,5
323,130.0,8
469,0.0,2
574,89.0,6
385,84.0,2
402,34.0,4
381,204.0,9
556,17.0,6
548,180.0,8
326,8.0,6
461,237.0,0
743,0.0,4
381,51.0,5
352,2.0,8
546,238.0,3
239,206.0,4
431,89.0,7
378,99.0,9
545,3.0,3
406,18.0,8
-1,0.0,3
268,0.0,4
432,251.0,8
433,50.0,8
597,93.0,4
351,242.0,1
405,235.0,8
416,180.0,7
-1,0.0,0
#
#
#
#
-1,0.0,9
-1,0.0,5
235,174.0,4
-1,0.0,0
101,50.0,6
-1,0.0,0
511,85.0,0
174,0.0,5
173,0.0,0
-1,0.0,4
322,117.0,0
428,7.0,0
#
#
-1,0.0,5
-1,0.0,3
#
#
345,0.0,2
-1,0.0,7
-1,0.0,7
-1,0.0,9
-1,0.0,6
-1,0.0,9
#
#
173,133.0,0
-1,0.0,2
#
#
239,182.0,5
177,0.0,0
353,253.0,0
-1,0.0,3
#
#
#
#
294,175.0,2
-1,0.0,1
#
#
541,193.0,5
-1,0.0,0
#
#
-1,0.0,5
-1,0.0,6
-1,0.0,2
214,254.0,0
664,111.0,0
-1,0.0,4
#
#
122,50.0,5
-1,0.0,6
#
#
-1,0.0,6
-1,0.0,5
-1,0.0,6
-1,0.0,8
128,0.0,7
-1,0.0,1
#
#
#
#
#
#
126,0.0,4
-1,0.0,2
660,48.0,5
-1,0.0,0
#
#
#
#
-1,0.0,5
400,0.0,4
#
#
#
#
#
#
-1,0.0,2
-1,0.0,7
#
#
#
#
#
#
-1,0.0,9
-1,0.0,6
271,37.0,6
-1,0.0,8
515,0.0,2
-1,0.0,8
-1,0.0,4
-1,0.0,9
-1,0.0,3
-1,0.0,2
#
#
-1,0.0,8
-1,0.0,5
#
#
569,85.0,4
214,8.0,6
572,0.0,6
-1,0.0,2
-1,0.0,4
597,128.0,4
540,45.0,7
381,145.0,5
#
#
267,0.0,4
-1,0.0,6
157,0.0,9
518,195.0,7
606,0.0,7
488,118.0,8
377,175.0,6
-1,0.0,4
#
#
459,167.0,7
246,0.0,0
468,111.0,2
-1,0.0,7
356,6.0,5
-1,0.0,3
-1,0.0,8
398,0.0,9
103,13.0,4
297,37.0,7
454,16.0,9
488,0.0,9
682,109.0,2
436,209.0,0
-1,0.0,6
-1,0.0,0
413,9.0,5
323,81.0,9
-1,0.0,5
158,34.0,6
-1,0.0,4
429,43.0,9
496,3.0,8
346,169.0,2
267,167.0,4
441,0.0,9
347,52.0,9
191,18.0,9
680,0.0,2
103,3.0,9
375,1.0,8
569,24.0,9
407,249.0,2
686,0.0,2
344,62.0,2
159,0.0,2
-1,0.0,2
514,179.0,3
549,0.0,7
430,51.0,2
-1,0.0,4
-1,0.0,5
#
#
373,101.0,2
402,7.0,9
374,163.0,6
-1,0.0,2
#
#
296,0.0,6
-1,0.0,0
#
#
#
#
-1,0.0,5
-1,0.0,6
#
#
-1,0.0,4
233,251.0,8
#
#
351,236.0,4
-1,0.0,9
-1,0.0,6
-1,0.0,2
236,96.0,4
-1,0.0,6
355,0.0,5
347,126.0,9
660,0.0,6
428,249.0,8
-1,0.0,6
570,0.0,2
-1,0.0,2
214,0.0,0
629,9.0,6
271,0.0,2
324,25.0,5
245,210.0,2
153,24.0,3
357,0.0,5
128,95.0,8
632,5.0,5
-1,0.0,6
-1,0.0,6
402,28.0,0
-1,0.0,8
-1,0.0,4
599,0.0,0
401,70.0,2
515,0.0,8
129,121.0,4
569,4.0,8
259,33.0,4
626,0.0,9
152,121.0,3
155,155.0,1
524,80.0,5
380,191.0,3
-1,0.0,0
-1,0.0,6
377,10.0,1
-1,0.0,4
297,0.0,3
-1,0.0,2
188,0.0,5
-1,0.0,0
521,84.0,3
401,248.0,5
132,0.0,6
431,15.0,6
268,9.0,0
375,136.0,8
#
#
203,29.0,2
-1,0.0,0
605,19.0,5
-1,0.0,0
-1,0.0,0
-1,0.0,8
248,12.0,5
237,34.0,2
293,0.0,8
540,173.0,0
369,85.0,3
611,21.0,3
487,0.0,3
178,8.0,3
204,0.0,1
-1,0.0,3
377,0.0,3
-1,0.0,2
462,56.0,2
-1,0.0,3
486,245.0,3
514,0.0,8
265,163.0,3
-1,0.0,2
98,0.0,8
266,123.0,5
293,178.0,5
-1,0.0,6
-1,0.0,3
-1,0.0,9
#
#
-1,0.0,4
-1,0.0,8
378,56.0,3
345,71.0,8
181,3.0,9
-1,0.0,8
#
#
-1,0.0,5
578,253.0,8
464,32.0,4
-1,0.0,7
513,16.0,7
-1,0.0,3
357,128.0,5
-1,0.0,0
234,0.0,6
-1,0.0,0
321,90.0,4
-1,0.0,9
404,145.0,9
321,253.0,9
352,178.0,5
402,188.0,8
610,117.0,6
-1,0.0,8
174,5.0,5
-1,0.0,9
434,199.0,9
631,0.0,3
349,5.0,9
654,68.0,7
154,8.0,9
318,71.0,3
147,53.0,5
-1,0.0,0
660,18.0,8
544,0.0,6
#
#
-1,0.0,6
-1,0.0,5
119,10.0,5
456,99.0,8
266,11.0,3
300,0.0,5
485,84.0,3
-1,0.0,9
269,0.0,3
386,49.0,5
294,106.0,7
-1,0.0,9
346,175.0,5
-1,0.0,0
97,2.0,0
-1,0.0,2
-1,0.0,8
-1,0.0,0
661,202.0,5
-1,0.0,8
-1,0.0,5
-1,0.0,3
682,166.0,8
371,67.0,8
-1,0.0,2
-1,0.0,8
-1,0.0,0
-1,0.0,5
220,216.0,0
-1,0.0,6
513,47.0,6
125,225.0,0
300,0.0,5
266,217.0,8
263,46.0,1
488,108.0,2
432,210.0,6
377,78.0,1
511,9.0,9
238,0.0,1
-1,0.0,3
268,227.0,8
-1,0.0,6
-1,0.0,3
660,128.0,2
-1,0.0,8
186,90.0,1
96,19.0,6
-1,0.0,1
376,235.0,8
344,8.0,2
662,0.0,6
514,166.0,1
600,38.0,8
320,45.0,2
-1,0.0,8
#
#
321,0.0,8
236,58.0,1
573,180.0,4
236,13.0,9
268,245.0,8
-1,0.0,8
#
#
661,0.0,3
204,0.0,7
461,47.0,3
-1,0.0,8
#
#
469,103.0,9
-1,0.0,8
152,2.0,7
664,75.0,2
464,0.0,4
403,0.0,8
-1,0.0,8
710,247.0,7
#
#
398,113.0,2
635,15.0,2
-1,0.0,3
-1,0.0,7
378,12.0,8
-1,0.0,7
#
#
-1,0.0,9
161,12.0,6
-1,0.0,9
-1,0.0,2
-1,0.0,2
431,26.0,8
#
#
404,0.0,7
404,26.0,1
603,1.0,5
268,236.0,4
103,0.0,9
715,0.0,4
379,0.0,9
514,214.0,9
187,157.0,5
-1,0.0,0
351,160.0,5
-1,0.0,2
576,74.0,8
-1,0.0,5
456,60.0,0
578,0.0,2
292,3.0,2
270,64.0,6
311,0.0,2
-1,0.0,4
-1,0.0,8
180,98.0,4
458,94.0,4
498,0.0,9
218,0.0,6
315,17.0,2
125,253.0,8
-1,0.0,1
133,31.0,6
581,0.0,2
456,16.0,0
-1,0.0,6
402,66.0,4
-1,0.0,9
485,60.0,5
512,0.0,8
468,63.0,5
409,193.0,8
290,89.0,3
242,0.0,1
182,253.0,4
-1,0.0,9
184,24.0,7
-1,0.0,9
265,238.0,9
539,0.0,9
344,20.0,3
186,0.0,7
-1,0.0,5
515,12.0,8
#
#
-1,0.0,8
210,50.0,4
153,0.0,8
663,223.0,8
378,133.0,3
556,0.0,8
322,5.0,4
657,177.0,8
131,0.0,6
545,148.0,1
434,42.0,0
441,220.0,8
462,0.0,7
-1,0.0,0
#
#
#
#
#
#
-1,0.0,4
-1,0.0,2
#
#
-1,0.0,6
-1,0.0,0
#
#
-1,0.0,0
-1,0.0,9
-1,0.0,5
-1,0.0,7
-1,0.0,0
-1,0.0,0
#
#
102,7.0,0
-1,0.0,5
-1,0.0,2
239,122.0,0
#
#
#
#
-1,0.0,2
573,223.0,9
#
#
#
#
#
#
#
#
#
#
720,0.0,0
442,57.0,0
#
#
241,218.0,5
383,0.0,3
-1,0.0,0
-1,0.0,2
267,0.0,0
130,225.0,0
#
#
415,108.0,2
-1,0.0,0
#
#
-1,0.0,5
-1,0.0,3
#
#
#
#
#
#
#
#
-1,0.0,0
-1,0.0,9
661,253.0,0
-1,0.0,4
#
#
203,130.0,5
-1,0.0,3
#
#
#
#
#
#
#
#
#
#
-1,0.0,7
-1,0.0,2
#
#
494,50.0,4
-1,0.0,2
#
#
203,0.0,2
-1,0.0,5
#
#
#
#
-1,0.0,4
183,97.0,4
#
#
#
#
#
#
#
#
-1,0.0,6
-1,0.0,2
#
#
-1,0.0,3
189,232.0,2
#
#
#
#
#
#
#
#
#
#
#
#
#
#
91,0.0,4
346,0.0,4
574,0.0,6
-1,0.0,4
-1,0.0,4
122,0.0,6
#
#
#
#
553,36.0,4
-1,0.0,1
582,18.0,7
-1,0.0,2
384,74.0,5
348,88.0,7
-1,0.0,4
-1,0.0,7
#
#
409,16.0,9
-1,0.0,5
-1,0.0,9
-1,0.0,7
184,100.0,7
-1,0.0,8
-1,0.0,9
-1,0.0,8
575,13.0,6
-1,0.0,6
#
#
152,7.0,7
430,0.0,7
158,0.0,6
399,17.0,0
131,0.0,2
-1,0.0,9
#
#
74,0.0,5
-1,0.0,8
#
#
#
#
266,215.0,9
-1,0.0,4
237,18.0,4
-1,0.0,6
-1,0.0,9
262,147.0,7
430,66.0,7
235,30.0,9
542,41.0,7
348,128.0,9
426,96.0,2
-1,0.0,7
207,189.0,0
660,209.0,9
#
#
#
#
354,0.0,5
-1,0.0,2
-1,0.0,9
-1,0.0,4
#
#
-1,0.0,5
-1,0.0,6
#
#
-1,0.0,7
540,0.0,9
-1,0.0,8
-1,0.0,6
-1,0.0,2
-1,0.0,0
716,253.0,4
264,78.0,7
596,0.0,9
373,12.0,7
342,8.0,9
427,8.0,9
470,0.0,9
355,8.0,5
343,128.0,2
375,0.0,7
241,31.0,9
238,33.0,6
401,24.0,8
735,0.0,8
345,133.0,9
495,0.0,8
600,127.0,2
399,0.0,3
285,210.0,2
-1,0.0,3
314,232.0,2
-1,0.0,2
-1,0.0,7
-1,0.0,2
#
#
381,42.0,3
-1,0.0,2
490,156.0,7
-1,0.0,2
158,254.0,2
-1,0.0,8
#
#
#
#
573,0.0,2
-1,0.0,8
444,6.0,9
355,0.0,8
-1,0.0,6
-1,0.0,5
#
#
-1,0.0,6
-1,0.0,1
#
#
#
#
#
#
#
#
-1,0.0,8
-1,0.0,3
573,151.0,4
-1,0.0,1
#
#
#
#
#
#
-1,0.0,8
-1,0.0,4
#
#
548,56.0,5
-1,0.0,8
596,102.0,9
493,92.0,4
622,10.0,6
458,32.0,6
-1,0.0,8
-1,0.0,4
#
#
-1,0.0,8
125,6.0,2
#
#
-1,0.0,2
465,242.0,0
655,75.0,4
457,65.0,6
-1,0.0,6
156,12.0,2
515,77.0,5
-1,0.0,8
-1,0.0,2
-1,0.0,0
-1,0.0,5
206,253.0,3
-1,0.0,5
-1,0.0,0
466,253.0,8
-1,0.0,2
-1,0.0,6
-1,0.0,5
#
#
#
#
-1,0.0,0
575,0.0,0
#
#
#
#
-1,0.0,9
430,0.0,0
601,94.0,2
-1,0.0,8
660,20.0,8
404,0.0,8
-1,0.0,4
-1,0.0,8
376,4.0,9
459,164.0,8
565,187.0,7
379,36.0,4
230,177.0,9
325,68.0,5
-1,0.0,5
-1,0.0,3
-1,0.0,1
-1,0.0,4
356,0.0,5
-1,0.0,3
457,202.0,5
353,13.0,3
#
#
#
#
-1,0.0,1
323,11.0,3
#
#
353,32.0,3
456,213.0,3
#
#
431,0.0,5
107,65.0,5
#
#
-1,0.0,8
184,0.0,3
157,26.0,5
-1,0.0,0
409,186.0,4
-1,0.0,6
-1,0.0,5
270,128.0,6
-1,0.0,5
-1,0.0,0
438,95.0,8
569,142.0,6
-1,0.0,2
-1,0.0,3
#
#
322,156.0,5
-1,0.0,2
#
#
#
#
#
#
663,0.0,4
-1,0.0,5
319,0.0,2
-1,0.0,8
541,49.0,8
432,0.0,8
711,0.0,5
-1,0.0,0
289,198.0,3
-1,0.0,5
528,116.0,3
-1,0.0,2
378,4.0,3
-1,0.0,8
298,0.0,5
266,11.0,3
265,0.0,1
-1,0.0,2
#
#
-1,0.0,1
264,226.0,3
#
#
408,252.0,2
-1,0.0,8
#
#
-1,0.0,3
-1,0.0,2
-1,0.0,8
319,200.0,8
323,3.0,3
468,17.0,3
#
#
-1,0.0,8
-1,0.0,5
-1,0.0,5
-1,0.0,3
640,42.0,5
-1,0.0,3
#
#
#
#
#
#
#
#
#
#
-1,0.0,5
316,252.0,3
-1,0.0,5
-1,0.0,8
-1,0.0,4
344,0.0,9
#
#
#
#
-1,0.0,8
-1,0.0,9
-1,0.0,5
-1,0.0,4
#
#
406,115.0,7
-1,0.0,5
#
#
180,235.0,5
-1,0.0,6
#
#
-1,0.0,0
-1,0.0,6
#
#
743,7.0,4
437,195.0,4
#
#
-1,0.0,7
267,0.0,9
218,18.0,9
-1,0.0,4
317,243.0,5
-1,0.0,3
238,30.0,8
-1,0.0,6
103,0.0,6
-1,0.0,4
#
#
546,114.0,5
-1,0.0,3
#
#
185,139.0,9
-1,0.0,4
-1,0.0,9
-1,0.0,3
-1,0.0,7
681,47.0,9
264,205.0,7
-1,0.0,0
204,118.0,9
234,41.0,4
192,0.0,3
-1,0.0,5
346,162.0,5
-1,0.0,3
#
#
-1,0.0,2
432,56.0,8
-1,0.0,5
295,243.0,6
#
#
#
#
186,2.0,5
-1,0.0,3
318,74.0,3
-1,0.0,8
237,207.0,5
491,64.0,3
455,252.0,5
-1,0.0,0
247,183.0,3
-1,0.0,8
#
#
157,0.0,5
262,5.0,3
326,252.0,5
-1,0.0,0
-1,0.0,4
-1,0.0,7
#
#
565,0.0,3
187,242.0,5
#
#
583,251.0,0
-1,0.0,6
#
#
#
#
#
#
-1,0.0,5
-1,0.0,3
#
#
#
#
#
#
237,243.0,8
-1,0.0,3
402,252.0,8
-1,0.0,5
#
#
#
#
#
#
#
#
-1,0.0,0
-1,0.0,5
#
#
-1,0.0,5
318,15.0,6
-1,0.0,0
-1,0.0,2
654,21.0,5
404,243.0,8
513,0.0,8
541,122.0,0
538,64.0,1
270,4.0,1
-1,0.0,1
-1,0.0,2
627,95.0,8
215,0.0,6
289,174.0,7
434,240.0,1
401,93.0,9
-1,0.0,5
129,42.0,1
-1,0.0,8
#
#
413,11.0,8
-1,0.0,1
#
#
#
#
104,21.0,2
-1,0.0,3
#
#
575,199.0,1
-1,0.0,3
351,172.0,6
-1,0.0,2
#
#
-1,0.0,8
-1,0.0,1
483,55.0,2
237,53.0,4
125,0.0,6
-1,0.0,4
-1,0.0,3
-1,0.0,1
-1,0.0,7
-1,0.0,8
370,0.0,2
-1,0.0,3
#
#
-1,0.0,3
-1,0.0,8
267,23.0,1
-1,0.0,7
-1,0.0,8
-1,0.0,4
-1,0.0,4
-1,0.0,9
-1,0.0,8
570,237.0,8
#
#
-1,0.0,2
179,0.0,3
268,30.0,1
186,129.0,7
-1,0.0,1
302,252.0,3
#
#
208,70.0,9
-1,0.0,4
#
#
622,0.0,7
185,0.0,1
158,160.0,2
-1,0.0,3
-1,0.0,6
209,0.0,4
-1,0.0,3
346,125.0,8
#
#
233,254.0,7
-1,0.0,7
515,5.0,2
-1,0.0,6
181,136.0,7
466,30.0,2
#
#
#
#
-1,0.0,3
69,0.0,8
#
#
#
#
-1,0.0,6
-1,0.0,4
#
#
#
#
#
#
-1,0.0,0
177,253.0,8
379,221.0,7
181,93.0,8
-1,0.0,8
92,0.0,1
380,97.0,5
515,123.0,6
100,0.0,4
270,118.0,9
219,0.0,9
-1,0.0,6
518,252.0,4
-1,0.0,9
-1,0.0,7
213,95.0,9
439,102.0,9
567,14.0,8
652,209.0,5
-1,0.0,6
#
#
218,54.0,5
237,0.0,8
#
#
411,252.0,8
-1,0.0,2
#
#
247,0.0,5
434,33.0,0
189,164.0,2
-1,0.0,6
230,8.0,2
359,22.0,0
544,31.0,6
-1,0.0,0
663,22.0,2
-1,0.0,7
#
#
#
#
291,245.0,4
-1,0.0,3
-1,0.0,1
323,136.0,4
237,2.0,9
-1,0.0,7
430,0.0,6
-1,0.0,2
373,253.0,2
-1,0.0,6
-1,0.0,8
-1,0.0,6
#
#
218,65.0,5
152,6.0,6
434,36.0,3
357,152.0,2
-1,0.0,7
266,0.0,0
#
#
661,0.0,8
546,0.0,4
#
#
125,11.0,5
-1,0.0,8
-1,0.0,9
-1,0.0,8
210,247.0,5
-1,0.0,0
347,30.0,8
153,0.0,8
180,118.0,3
576,162.0,8
374,244.0,1
412,168.0,3
184,52.0,4
-1,0.0,9
#
#
268,27.0,7
-1,0.0,9
#
#
441,0.0,9
-1,0.0,7
546,21.0,9
-1,0.0,8
-1,0.0,3
-1,0.0,5
-1,0.0,7
-1,0.0,8
#
#
-1,0.0,8
621,252.0,8
#
#
-1,0.0,4
-1,0.0,9
-1,0.0,9
261,15.0,8
573,253.0,8
-1,0.0,3
353,249.0,5
-1,0.0,3
413,186.0,8
-1,0.0,2
-1,0.0,9
436,42.0,4
-1,0.0,0
-1,0.0,8
541,13.0,8
327,0.0,6
490,150.0,8
467,0.0,1
522,73.0,0
183,0.0,7
515,64.0,8
-1,0.0,7
150,63.0,7
-1,0.0,9
#
#
#
#
#
#
#
#
#
#
#
#
#
#
#
#
#
#
#
#
#
#
126,254.0,0
-1,0.0,6
#
#
#
#
-1,0.0,9
-1,0.0,0
#
#
266,128.0,9
-1,0.0,6
676,66.0,0
-1,0.0,7
-1,0.0,2
-1,0.0,0
352,238.0,5
-1,0.0,3
-1,0.0,0
149,254.0,3
#
#
#
#
-1,0.0,0
-1,0.0,0
237,0.0,0
-1,0.0,5
-1,0.0,2
-1,0.0,7
#
#
#
#
#
#
#
#
#
#
648,43.0,0
-1,0.0,9
#
#
132,166.0,5
-1,0.0,3
#
#
#
#
#
#
-1,0.0,6
-1,0.0,4
#
#
-1,0.0,5
-1,0.0,2
#
#
#
#
358,190.0,4
-1,0.0,9
#
#
#
#
#
#
289,15.0,2
-1,0.0,1
332,31.0,4
-1,0.0,6
370,0.0,2
629,231.0,4
-1,0.0,4
-1,0.0,6
#
#
#
#
-1,0.0,6
-1,0.0,5
-1,0.0,4
-1,0.0,6
#
#
296,6.0,7
-1,0.0,9
#
#
443,0.0,5
-1,0.0,8
-1,0.0,7
-1,0.0,4
#
#
#
#
-1,0.0,9
179,187.0,9
#
#
#
#
#
#
-1,0.0,2
-1,0.0,7
#
#
#
#
#
#
-1,0.0,6
-1,0.0,6
#
#
158,0.0,7
682,0.0,2
488,151.0,7
459,68.0,9
-1,0.0,9
-1,0.0,6
-1,0.0,2
-1,0.0,0
149,254.0,2
-1,0.0,1
#
#
180,247.0,5
-1,0.0,6
#
#
-1,0.0,9
-1,0.0,7
#
#
457,58.0,4
-1,0.0,9
#
#
#
#
-1,0.0,7
264,162.0,7
519,37.0,7
-1,0.0,9
-1,0.0,4
232,252.0,9
187,191.0,7
-1,0.0,9
469,20.0,9
-1,0.0,4
406,62.0,2
-1,0.0,9
#
#
634,142.0,0
-1,0.0,4
133,147.0,0
-1,0.0,9
147,2.0,5
-1,0.0,9
#
#
#
#
#
#
#
#
#
#
#
#
484,248.0,9
-1,0.0,5
#
#
#
#
#
#
#
#
464,0.0,4
-1,0.0,9
463,170.0,9
372,7.0,7
158,0.0,9
355,0.0,5
369,73.0,7
384,138.0,4
518,16.0,7
153,0.0,9
539,0.0,9
207,0.0,4
236,28.0,9
383,214.0,4
-1,0.0,5
186,2.0,4
348,142.0,2
-1,0.0,9
239,6.0,7
-1,0.0,8
544,0.0,4
568,71.0,9
-1,0.0,2
-1,0.0,6
545,153.0,7
-1,0.0,8
129,63.0,8
-1,0.0,7
-1,0.0,7
186,0.0,9
-1,0.0,8
-1,0.0,7
514,112.0,3
379,68.0,2
515,224.0,3
-1,0.0,2
266,253.0,2
-1,0.0,4
#
#
489,4.0,2
314,232.0,2
#
#
#
#
#
#
-1,0.0,1
293,253.0,3
#
#
-1,0.0,2
-1,0.0,7
#
#
148,203.0,2
-1,0.0,3
#
#
-1,0.0,3
156,0.0,2
#
#
598,172.0,9
-1,0.0,6
353,8.0,5
659,34.0,8
#
#
#
#
#
#
#
#
#
#
#
#
215,253.0,4
-1,0.0,6
#
#
#
#
#
#
-1,0.0,5
-1,0.0,6
#
#
268,235.0,9
-1,0.0,8
-1,0.0,8
206,14.0,4
275,92.0,6
-1,0.0,5
-1,0.0,5
-1,0.0,6
#
#
#
#
#
#
-1,0.0,2
-1,0.0,2
#
#
-1,0.0,3
-1,0.0,0
510,13.0,9
-1,0.0,4
-1,0.0,8
-1,0.0,6
#
#
-1,0.0,6
628,240.0,2
119,13.0,5
-1,0.0,6
#
#
#
#
#
#
#
#
-1,0.0,3
-1,0.0,5
#
#
#
#
-1,0.0,8
-1,0.0,4
#
#
#
#
#
#
#
#
-1,0.0,8
-1,0.0,0
#
#
-1,0.0,2
484,0.0,0
-1,0.0,3
684,141.0,2
#
#
184,111.0,9
462,44.0,8
-1,0.0,8
321,204.0,8
#
#
#
#
437,154.0,9
-1,0.0,4
-1,0.0,0
128,167.0,8
435,14.0,7
-1,0.0,0
-1,0.0,7
207,30.0,4
325,33.0,9
-1,0.0,3
355,37.0,5
-1,0.0,3
#
#
#
#
#
#
#
#
325,146.0,5
-1,0.0,0
#
#
320,30.0,5
-1,0.0,8
-1,0.0,5
-1,0.0,3
#
#
-1,0.0,2
-1,0.0,3
160,2.0,3
269,114.0,3
426,253.0,3
-1,0.0,8
463,190.0,5
-1,0.0,6
123,0.0,5
-1,0.0,6
#
#
-1,0.0,8
-1,0.0,3
-1,0.0,3
-1,0.0,5
#
#
302,0.0,5
-1,0.0,4
#
#
#
#
348,32.0,6
-1,0.0,0
#
#
#
#
407,61.0,8
-1,0.0,3
-1,0.0,5
-1,0.0,6
#
#
#
#
-1,0.0,1
-1,0.0,5
#
#
497,0.0,6
-1,0.0,4
#
#
-1,0.0,2
-1,0.0,3
#
#
-1,0.0,3
-1,0.0,8
-1,0.0,5
239,254.0,8
-1,0.0,5
-1,0.0,9
#
#
104,0.0,3
317,86.0,3
#
#
485,128.0,3
-1,0.0,2
#
#
-1,0.0,3
491,224.0,3
#
#
236,70.0,5
-1,0.0,3
177,86.0,5
457,143.0,3
-1,0.0,3
-1,0.0,1
#
#
#
#
288,134.0,3
-1,0.0,5
172,0.0,2
-1,0.0,8
#
#
#
#
#
#
#
#
-1,0.0,8
-1,0.0,4
492,24.0,3
316,85.0,3
-1,0.0,8
-1,0.0,3
#
#
#
#
#
#
#
#
301,0.0,5
-1,0.0,9
#
#
#
#
315,253.0,3
-1,0.0,9
#
#
#
#
#
#
-1,0.0,3
-1,0.0,9
#
#
#
#
#
#
#
#
143,0.0,7
-1,0.0,9
#
#
179,251.0,5
-1,0.0,3
#
#
#
#
#
#
144,59.0,4
-1,0.0,7
-1,0.0,7
-1,0.0,4
#
#
-1,0.0,4
-1,0.0,9
414,0.0,9
-1,0.0,5
#
#
-1,0.0,5
-1,0.0,0
#
#
-1,0.0,8
-1,0.0,2
#
#
-1,0.0,6
-1,0.0,5
#
#
294,143.0,5
-1,0.0,9
#
#
295,232.0,9
-1,0.0,3
#
#
#
#
#
#
#
#
469,0.0,9
-1,0.0,5
-1,0.0,9
-1,0.0,7
#
#
211,6.0,9
344,0.0,9
213,137.0,4
348,32.0,9
-1,0.0,3
-1,0.0,8
#
#
188,65.0,3
456,204.0,5
#
#
#
#
-1,0.0,3
127,192.0,8
#
#
291,144.0,6
-1,0.0,0
293,143.0,5
327,248.0,5
#
#
-1,0.0,3
-1,0.0,9
#
#
295,215.0,5
-1,0.0,3
243,68.0,3
595,13.0,1
303,196.0,5
-1,0.0,3
#
#
377,0.0,3
-1,0.0,5
#
#
266,184.0,3
271,0.0,5
153,0.0,3
551,8.0,3
158,150.0,5
-1,0.0,3
#
#
#
#
#
#
-1,0.0,8
-1,0.0,3
347,195.0,5
-1,0.0,3
482,39.0,0
-1,0.0,8
#
#
#
#
#
#
486,221.0,8
-1,0.0,3
#
#
357,181.0,8
180,0.0,8
#
#
#
#
#
#
#
#
-1,0.0,5
240,253.0,6
#
#
#
#
206,17.0,6
294,245.0,5
-1,0.0,0
-1,0.0,8
345,57.0,3
458,22.0,8
-1,0.0,5
434,126.0,0
406,69.0,1
352,195.0,5
490,183.0,1
349,100.0,8
#
#
#
#
317,241.0,1
296,228.0,8
94,0.0,6
-1,0.0,5
467,32.0,1
-1,0.0,7
-1,0.0,8
489,49.0,1
377,69.0,7
-1,0.0,9
#
#
-1,0.0,1
-1,0.0,2
#
#
551,0.0,8
-1,0.0,1
#
#
42,0.0,2
-1,0.0,8
#
#
-1,0.0,6
258,0.0,1
#
#
601,0.0,6
265,251.0,3
#
#
#
#
#
#
465,0.0,1
349,101.0,2
292,66.0,4
408,80.0,9
-1,0.0,6
-1,0.0,2
#
#
#
#
#
#
#
#
#
#
657,0.0,2
-1,0.0,5
#
#
#
#
#
#
-1,0.0,3
-1,0.0,1
#
#
#
#
#
#
#
#
#
#
#
#
-1,0.0,8
-1,0.0,1
#
#
-1,0.0,7
125,125.0,3
-1,0.0,1
-1,0.0,3
-1,0.0,7
-1,0.0,3
#
#
511,204.0,3
-1,0.0,0
-1,0.0,7
125,0.0,9
#
#
608,148.0,7
-1,0.0,3
543,20.0,1
292,48.0,3
206,4.0,2
-1,0.0,1
#
#
#
#
-1,0.0,4
-1,0.0,9
#
#
122,3.0,8
-1,0.0,9
490,8.0,7
-1,0.0,8
#
#
98,159.0,2
682,0.0,2
#
#
-1,0.0,7
265,191.0,8
205,253.0,2
-1,0.0,3
#
#
-1,0.0,8
-1,0.0,1
#
#
#
#
#
#
-1,0.0,8
-1,0.0,3
-1,0.0,7
-1,0.0,4
-1,0.0,5
-1,0.0,8
#
#
-1,0.0,1
-1,0.0,2
437,0.0,5
-1,0.0,4
-1,0.0,8
489,27.0,6
707,119.0,4
-1,0.0,6
-1,0.0,9
-1,0.0,7
156,0.0,9
-1,0.0,5
#
#
268,18.0,4
-1,0.0,4
#
#
#
#
-1,0.0,4
463,164.0,9
569,253.0,9
-1,0.0,7
-1,0.0,4
-1,0.0,8
347,3.0,5
-1,0.0,8
#
#
-1,0.0,6
-1,0.0,5
-1,0.0,1
-1,0.0,8
599,0.0,8
-1,0.0,2
#
#
-1,0.0,3
-1,0.0,5
-1,0.0,0
293,0.0,2
-1,0.0,2
-1,0.0,4
#
#
378,168.0,2
-1,0.0,7
103,0.0,4
-1,0.0,0
-1,0.0,4
125,253.0,6
#
#
464,254.0,2
-1,0.0,1
#
#
160,248.0,4
-1,0.0,7
#
#
#
#
-1,0.0,9
-1,0.0,4
-1,0.0,4
375,242.0,9
#
#
460,123.0,6
229,64.0,6
#
#
-1,0.0,2
-1,0.0,6
#
#
#
#
#
#
-1,0.0,8
164,174.0,5
-1,0.0,6
-1,0.0,8
-1,0.0,3
519,249.0,8
114,0.0,2
-1,0.0,0
#
#
-1,0.0,3
-1,0.0,0
492,241.0,4
-1,0.0,8
-1,0.0,3
229,0.0,4
-1,0.0,5
-1,0.0,3
#
#
#
#
#
#
-1,0.0,8
327,72.0,5
#
#
-1,0.0,3
377,0.0,8
550,5.0,9
319,27.0,8
-1,0.0,5
-1,0.0,3
-1,0.0,8
-1,0.0,5
327,0.0,1
-1,0.0,4
634,0.0,3
-1,0.0,0
237,253.0,4
-1,0.0,9
#
#
-1,0.0,5
-1,0.0,7
#
#
187,232.0,9
-1,0.0,4
#
#
-1,0.0,3
179,114.0,9
#
#
#
#
#
#
#
#
#
#
#
#
666,224.0,8
-1,0.0,8
#
#
#
#
#
#
-1,0.0,6
-1,0.0,8
292,253.0,8
-1,0.0,4
#
#
-1,0.0,6
-1,0.0,5
#
#
545,252.0,8
-1,0.0,3
#
#
#
#
-1,0.0,5
606,0.0,4
#
#
#
#
353,47.0,5
550,0.0,8
187,0.0,6
-1,0.0,0
-1,0.0,1
-1,0.0,8
119,0.0,1
-1,0.0,3
154,0.0,5
154,253.0,0
289,0.0,7
180,125.0,8
-1,0.0,8
628,0.0,8
#
#
351,75.0,7
-1,0.0,5
#
#
718,49.0,0
-1,0.0,2
#
#
#
#
#
#
-1,0.0,9
-1,0.0,0
#
#
93,51.0,0
-1,0.0,2
#
#
#
#
#
#
537,165.0,5
-1,0.0,3
#
#
#
#
-1,0.0,3
-1,0.0,2
#
#
#
#
-1,0.0,3
-1,0.0,0
#
#
#
#
#
#
424,254.0,0
-1,0.0,0
#
#
377,222.0,5
-1,0.0,6
#
#
#
#
#
#
#
#
#
#
-1,0.0,4
-1,0.0,0
#
#
-1,0.0,2
-1,0.0,6
#
#
743,11.0,4
437,214.0,4
#
#
652,14.0,2
428,189.0,4
354,0.0,4
-1,0.0,8
#
#
#
#
#
#
#
#
#
#
#
#
-1,0.0,4
554,42.0,7
#
#
-1,0.0,5
-1,0.0,2
#
#
#
#
#
#
#
#
567,29.0,9
-1,0.0,5
#
#
#
#
#
#
#
#
499,33.0,7
-1,0.0,1
273,4.0,2
-1,0.0,7
-1,0.0,2
-1,0.0,7
-1,0.0,7
188,0.0,9
#
#
#
#
#
#
#
#
183,237.0,2
-1,0.0,3
#
#
742,0.0,5
-1,0.0,3
#
#
#
#
#
#
-1,0.0,9
183,43.0,4
#
#
#
#
-1,0.0,9
-1,0.0,7
-1,0.0,2
176,254.0,7
#
#
#
#
-1,0.0,9
-1,0.0,7
237,69.0,7
-1,0.0,0
#
#
162,64.0,9
-1,0.0,9
#
#
146,234.0,2
-1,0.0,7
#
#
-1,0.0,0
-1,0.0,4
#
#
356,53.0,0
-1,0.0,6
#
#
326,156.0,5
-1,0.0,3
#
#
-1,0.0,9
-1,0.0,4
#
#
-1,0.0,9
288,254.0,4
#
#
-1,0.0,9
710,0.0,4
519,12.0,7
-1,0.0,9
177,125.0,9
-1,0.0,4
-1,0.0,5
-1,0.0,3
238,95.0,7
-1,0.0,9
428,0.0,4
-1,0.0,9
482,9.0,3
596,26.0,7
496,254.0,9
-1,0.0,8
264,7.0,9
-1,0.0,8
135,104.0,4
-1,0.0,3
375,15.0,9
517,249.0,9
261,252.0,4
-1,0.0,9
#
#
-1,0.0,4
438,178.0,9
687,0.0,2
-1,0.0,8
#
#
-1,0.0,9
-1,0.0,7
#
#
-1,0.0,8
185,168.0,4
712,69.0,9
488,0.0,8
#
#
#
#
-1,0.0,2
-1,0.0,7
#
#
542,11.0,8
-1,0.0,0
#
#
#
#
-1,0.0,4
-1,0.0,9
#
#
#
#
626,0.0,3
-1,0.0,2
506,0.0,2
-1,0.0,1
263,251.0,3
-1,0.0,2
#
#
660,252.0,2
-1,0.0,2
#
#
379,120.0,2
675,0.0,2
406,254.0,2
-1,0.0,8
#
#
-1,0.0,3
-1,0.0,9
#
#
#
#
-1,0.0,2
-1,0.0,2
#
#
#
#
-1,0.0,6
-1,0.0,2
184,0.0,9
-1,0.0,0
#
#
385,0.0,5
-1,0.0,8
541,0.0,8
256,0.0,8
302,173.0,4
-1,0.0,2
#
#
#
#
#
#
-1,0.0,9
-1,0.0,9
#
#
#
#
-1,0.0,4
-1,0.0,9
216,185.0,6
-1,0.0,8
#
#
#
#
#
#
#
#
#
#
#
#
#
#
-1,0.0,9
-1,0.0,2
#
#
#
#
#
#
#
#
632,253.0,2
-1,0.0,0
327,0.0,5
-1,0.0,3
#
#
#
#
#
#
#
#
#
#
#
#
#
#
#
#
-1,0.0,8
-1,0.0,0
#
#
325,253.0,2
-1,0.0,7
-1,0.0,4
159,128.0,9
-1,0.0,9
324,253.0,8
#
#
220,253.0,8
-1,0.0,8
-1,0.0,4
161,6.0,9
#
#
#
#
-1,0.0,8
-1,0.0,2
328,40.0,7
155,114.0,4
#
#
#
#
330,19.0,4
-1,0.0,9
216,0.0,9
429,253.0,9
#
#
186,254.0,5
-1,0.0,3
#
#
75,0.0,5
492,3.0,5
#
#
-1,0.0,3
208,4.0,5
#
#
#
#
#
#
#
#
#
#
155,95.0,3
-1,0.0,5
100,205.0,3
-1,0.0,5
134,216.0,3
-1,0.0,2
#
#
-1,0.0,5
-1,0.0,1
#
#
-1,0.0,5
-1,0.0,3
#
#
#
#
#
#
#
#
#
#
158,0.0,1
-1,0.0,5
#
#
-1,0.0,6
510,253.0,6
#
#
-1,0.0,1
-1,0.0,8
#
#
#
#
#
#
#
#
#
#
537,122.0,1
-1,0.0,6
#
#
#
#
#
#
#
#
#
#
#
#
-1,0.0,8
-1,0.0,0
#
#
#
#
-1,0.0,3
-1,0.0,2
-1,0.0,3
-1,0.0,5
357,224.0,3
-1,0.0,2
#
#
#
#
97,0.0,3
377,51.0,3
-1,0.0,3
319,0.0,5
#
#
-1,0.0,5
-1,0.0,3
264,253.0,3
-1,0.0,0
#
#
#
#
186,254.0,3
-1,0.0,9
#
#
189,252.0,2
-1,0.0,3
#
#
#
#
#
#
-1,0.0,3
-1,0.0,2
490,99.0,3
-1,0.0,8
#
#
#
#
-1,0.0,5
-1,0.0,9
#
#
369,224.0,3
-1,0.0,9
#
#
#
#
#
#
527,18.0,7
-1,0.0,2
#
#
-1,0.0,5
-1,0.0,8
#
#
67,0.0,4
-1,0.0,3
#
#
#
#
#
#
#
#
#
#
230,0.0,9
-1,0.0,2
#
#
#
#
#
#
#
#
#
#
#
#
#
#
230,122.0,5
-1,0.0,3
#
#
182,254.0,9
183,113.0,9
#
#
272,253.0,9
-1,0.0,0
#
#
#
#
#
#
323,51.0,9
178,219.0,9
-1,0.0,3
-1,0.0,9
321,151.0,4
-1,0.0,9
-1,0.0,9
-1,0.0,3
#
#
#
#
-1,0.0,3
-1,0.0,5
597,232.0,5
-1,0.0,6
#
#
-1,0.0,8
-1,0.0,6
-1,0.0,8
159,252.0,6
#
#
455,112.0,5
150,6.0,3
328,203.0,5
-1,0.0,9
#
#
#
#
121,165.0,5
-1,0.0,3
#
#
320,161.0,3
-1,0.0,5
-1,0.0,1
-1,0.0,5
518,229.0,5
-1,0.0,0
#
#
-1,0.0,3
319,254.0,3
#
#
597,12.0,5
258,155.0,3
427,247.0,5
-1,0.0,3
162,2.0,5
263,114.0,3
293,113.0,9
455,60.0,3
-1,0.0,5
-1,0.0,3
#
#
#
#
#
#
-1,0.0,0
-1,0.0,5
#
#
-1,0.0,0
-1,0.0,0
#
#
126,254.0,8
-1,0.0,5
#
#
95,0.0,8
-1,0.0,0
-1,0.0,0
545,0.0,8
#
#
-1,0.0,6
-1,0.0,3
326,131.0,6
-1,0.0,5
544,194.0,5
-1,0.0,8
#
#
#
#
-1,0.0,3
-1,0.0,8
-1,0.0,3
385,249.0,8
#
#
183,12.0,0
-1,0.0,8
547,88.0,1
383,0.0,1
518,253.0,5
-1,0.0,1
-1,0.0,8
603,82.0,1
432,84.0,7
183,7.0,8
632,167.0,1
-1,0.0,9
433,2.0,8
-1,0.0,7
-1,0.0,6
-1,0.0,2
#
#
-1,0.0,1
-1,0.0,2
#
#
#
#
-1,0.0,3
100,124.0,1
-1,0.0,7
565,0.0,1
#
#
#
#
#
#
-1,0.0,8
-1,0.0,2
#
#
259,166.0,2
-1,0.0,1
#
#
#
#
-1,0.0,1
-1,0.0,2
-1,0.0,1
324,165.0,6
-1,0.0,3
-1,0.0,8
351,212.0,1
548,0.0,6
398,95.0,2
297,89.0,8
93,0.0,4
-1,0.0,2
-1,0.0,2
285,0.0,9
#
#
#
#
458,0.0,2
-1,0.0,1
#
#
#
#
#
#
#
#
#
#
#
#
-1,0.0,3
-1,0.0,8
#
#
#
#
#
#
#
#
-1,0.0,3
-1,0.0,8
#
#
#
#
-1,0.0,9
-1,0.0,8
126,12.0,7
-1,0.0,2
#
#
406,213.0,1
-1,0.0,2
548,27.0,3
-1,0.0,8
-1,0.0,9
96,32.0,2
#
#
#
#
#
#
133,0.0,8
-1,0.0,4
#
#
-1,0.0,8
296,84.0,7
#
#
-1,0.0,2
-1,0.0,1
718,0.0,2
-1,0.0,2
#
#
-1,0.0,3
-1,0.0,8
-1,0.0,2
-1,0.0,8
#
#
#
#
#
#
#
#
#
#
#
#
#
#
#
#
#
#
#
#
#
#
122,0.0,5
-1,0.0,7
#
#
#
#
-1,0.0,0
-1,0.0,6
579,0.0,4
-1,0.0,7
#
#
#
#
#
#
264,4.0,9
578,0.0,1
#
#
-1,0.0,9
-1,0.0,4
#
#
#
#
-1,0.0,3
104,0.0,9
122,0.0,9
-1,0.0,2
#
#
#
#
#
#
-1,0.0,3
-1,0.0,5
#
#
#
#
#
#
#
#
#
#
-1,0.0,5
-1,0.0,8
#
#
#
#
#
#
#
#
-1,0.0,2
-1,0.0,6
#
#
#
#
-1,0.0,6
211,254.0,2
#
#
462,5.0,4
-1,0.0,6
#
#
#
#
-1,0.0,6
-1,0.0,1
626,189.0,2
-1,0.0,4
#
#
-1,0.0,4
-1,0.0,2
#
#
#
#
#
#
#
#
-1,0.0,9
-1,0.0,4
399,69.0,3
432,113.0,6
529,27.0,6
-1,0.0,3
#
#
#
#
#
#
-1,0.0,5
-1,0.0,6
#
#
#
#
#
#
-1,0.0,8
214,250.0,2
-1,0.0,2
-1,0.0,8
#
#
#
#
#
#
212,184.0,4
-1,0.0,7
#
#
#
#
347,6.0,4
-1,0.0,8
#
#
#
#
#
#
-1,0.0,5
-1,0.0,4
#
#
-1,0.0,1
461,17.0,8
190,0.0,9
-1,0.0,8
-1,0.0,3
212,57.0,8
#
#
#
#
#
#
#
#
237,0.0,1
-1,0.0,8
#
#
-1,0.0,3
-1,0.0,8
#
#
406,0.0,4
-1,0.0,8
#
#
#
#
#
#
-1,0.0,9
-1,0.0,8
#
#
#
#
237,0.0,9
-1,0.0,7
371,249.0,8
-1,0.0,2
#
#
#
#
#
#
322,198.0,8
-1,0.0,9
#
#
#
#
#
#
145,0.0,8
710,129.0,8
#
#
#
#
124,0.0,4
-1,0.0,3
652,0.0,5
-1,0.0,4
-1,0.0,8
-1,0.0,3
-1,0.0,1
-1,0.0,6
#
#
#
#
#
#
317,0.0,1
-1,0.0,2
#
#
-1,0.0,5
-1,0.0,8
147,0.0,0
-1,0.0,3
-1,0.0,4
162,50.0,7
711,0.0,9
-1,0.0,8
#
#
-1,0.0,1
290,39.0,8
-1,0.0,7
-1,0.0,3
#
#
257,51.0,0
-1,0.0,7
#
#
#
#
#
#
295,191.0,0
-1,0.0,0
#
#
-1,0.0,5
-1,0.0,2
#
#
#
#
#
#
#
#
#
#
-1,0.0,0
-1,0.0,0
#
#
133,166.0,5
689,82.0,5
#
#
#
#
#
#
#
#
#
#
444,232.0,4
-1,0.0,9
-1,0.0,6
-1,0.0,4
568,0.0,2
-1,0.0,1
-1,0.0,6
-1,0.0,4
-1,0.0,4
573,254.0,4
#
#
#
#
431,195.0,7
-1,0.0,2
#
#
#
#
710,41.0,9
-1,0.0,8
#
#
512,114.0,7
571,167.0,2
#
#
355,253.0,2
-1,0.0,7
#
#
#
#
#
#
#
#
-1,0.0,9
-1,0.0,8
215,254.0,2
-1,0.0,7
#
#
-1,0.0,5
-1,0.0,9
#
#
#
#
-1,0.0,4
-1,0.0,0
#
#
#
#
#
#
177,254.0,7
-1,0.0,2
#
#
#
#
-1,0.0,9
-1,0.0,7
#
#
154,33.0,9
-1,0.0,4
#
#
626,234.0,2
-1,0.0,7
#
#
#
#
#
#
-1,0.0,4
-1,0.0,0
#
#
439,166.0,5
-1,0.0,9
#
#
#
#
#
#
#
#
178,254.0,4
-1,0.0,4
#
#
-1,0.0,4
-1,0.0,9
-1,0.0,2
192,0.0,7
#
#
499,0.0,9
-1,0.0,4
#
#
#
#
#
#
-1,0.0,2
-1,0.0,7
#
#
-1,0.0,7
209,252.0,4
#
#
407,182.0,3
-1,0.0,2
438,4.0,7
-1,0.0,2
200,13.0,9
-1,0.0,5
#
#
-1,0.0,4
433,13.0,9
#
#
320,123.0,4
-1,0.0,5
#
#
425,0.0,9
215,52.0,4
624,0.0,9
263,19.0,9
429,0.0,4
-1,0.0,7
#
#
#
#
-1,0.0,8
-1,0.0,9
650,202.0,2
-1,0.0,7
#
#
#
#
#
#
#
#
205,0.0,4
-1,0.0,9
243,4.0,9
-1,0.0,8
-1,0.0,5
403,71.0,8
#
#
#
#
-1,0.0,7
-1,0.0,8
#
#
#
#
#
#
-1,0.0,4
-1,0.0,3
#
#
182,254.0,2
-1,0.0,3
#
#
-1,0.0,3
-1,0.0,1
#
#
378,194.0,2
-1,0.0,2
#
#
294,87.0,2
490,8.0,2
689,194.0,2
-1,0.0,3
-1,0.0,2
-1,0.0,3
#
#
#
#
#
#
#
#
#
#
#
#
#
#
-1,0.0,4
658,243.0,9
#
#
-1,0.0,5
-1,0.0,9
#
#
-1,0.0,9
-1,0.0,8
180,0.0,8
-1,0.0,9
299,254.0,4
-1,0.0,9
#
#
#
#
#
#
#
#
#
#
203,164.0,6
-1,0.0,6
#
#
#
#
#
#
106,31.0,2
-1,0.0,6
#
#
191,254.0,5
-1,0.0,8
#
#
#
#
#
#
-1,0.0,2
-1,0.0,1
#
#
#
#
516,101.0,9
-1,0.0,8
#
#
-1,0.0,8
-1,0.0,5
435,80.0,8
-1,0.0,4
#
#
#
#
-1,0.0,9
-1,0.0,4
#
#
#
#
-1,0.0,7
-1,0.0,7
408,30.0,4
-1,0.0,1
-1,0.0,4
-1,0.0,6
#
#
266,186.0,9
-1,0.0,5
741,213.0,9
-1,0.0,4
275,150.0,5
-1,0.0,3
#
#
-1,0.0,5
-1,0.0,6
-1,0.0,3
-1,0.0,5
#
#
-1,0.0,5
-1,0.0,2
-1,0.0,5
371,4.0,3
#
#
-1,0.0,3
-1,0.0,2
#
#
-1,0.0,3
-1,0.0,5
#
#
#
#
#
#
#
#
#
#
-1,0.0,0
-1,0.0,1
#
#
#
#
297,239.0,6
-1,0.0,2
#
#
#
#
545,0.0,1
-1,0.0,3
#
#
#
#
#
#
#
#
#
#
#
#
#
#
288,185.0,3
-1,0.0,0
#
#
328,253.0,3
-1,0.0,5
-1,0.0,1
210,0.0,3
#
#
-1,0.0,1
-1,0.0,5
#
#
#
#
713,159.0,3
-1,0.0,3
#
#
237,244.0,3
177,254.0,3
#
#
-1,0.0,2
-1,0.0,2
#
#
#
#
#
#
122,254.0,3
-1,0.0,2
#
#
#
#
#
#
314,253.0,3
-1,0.0,0
#
#
126,0.0,7
-1,0.0,3
#
#
#
#
#
#
350,3.0,4
-1,0.0,6
#
#
-1,0.0,9
-1,0.0,7
#
#
97,0.0,5
-1,0.0,3
#
#
187,0.0,9
-1,0.0,3
-1,0.0,9
-1,0.0,4
186,154.0,9
-1,0.0,7
#
#
-1,0.0,4
157,0.0,9
157,246.0,9
178,219.0,9
#
#
#
#
129,153.0,4
-1,0.0,1
#
#
#
#
#
#
#
#
#
#
658,253.0,5
-1,0.0,1
#
#
#
#
#
#
#
#
-1,0.0,6
-1,0.0,5
174,207.0,5
-1,0.0,6
-1,0.0,5
-1,0.0,3
106,254.0,5
-1,0.0,9
#
#
-1,0.0,5
-1,0.0,3
#
#
-1,0.0,3
102,128.0,3
#
#
#
#
#
#
296,128.0,5
-1,0.0,9
#
#
#
#
342,199.0,3
-1,0.0,9
-1,0.0,9
-1,0.0,5
-1,0.0,3
-1,0.0,5
267,200.0,5
-1,0.0,6
#
#
-1,0.0,9
-1,0.0,5
259,215.0,3
-1,0.0,5
409,142.0,9
490,7.0,5
346,248.0,3
377,78.0,0
#
#
#
#
#
#
#
#
#
#
#
#
-1,0.0,8
-1,0.0,2
#
#
572,190.0,8
-1,0.0,2
#
#
#
#
290,253.0,8
-1,0.0,2
#
#
#
#
128,253.0,6
-1,0.0,5
#
#
464,253.0,5
-1,0.0,0
#
#
#
#
#
#
#
#
545,190.0,8
-1,0.0,0
-1,0.0,3
131,133.0,0
#
#
-1,0.0,1
-1,0.0,6
299,125.0,1
-1,0.0,8
303,196.0,5
-1,0.0,1
#
#
#
#
-1,0.0,9
288,0.0,1
-1,0.0,7
-1,0.0,3
-1,0.0,4
-1,0.0,8
495,50.0,2
-1,0.0,1
#
#
-1,0.0,9
-1,0.0,8
#
#
#
#
#
#
#
#
#
#
#
#
261,0.0,1
-1,0.0,2
#
#
-1,0.0,1
-1,0.0,3
#
#
#
#
-1,0.0,2
-1,0.0,6
#
#
#
#
#
#
#
#
-1,0.0,6
-1,0.0,5
#
#
#
#
-1,0.0,2
433,230.0,1
-1,0.0,2
-1,0.0,6
599,188.0,2
-1,0.0,3
-1,0.0,8
-1,0.0,5
180,0.0,4
-1,0.0,6
#
#
#
#
-1,0.0,9
-1,0.0,7
-1,0.0,3
651,252.0,2
#
#
#
#
#
#
#
#
#
#
#
#
#
#
497,252.0,7
-1,0.0,1
#
#
-1,0.0,7
149,152.0,1
#
#
-1,0.0,2
544,179.0,3
#
#
#
#
585,37.0,2
-1,0.0,1
-1,0.0,8
-1,0.0,0
#
#
#
#
-1,0.0,1
294,253.0,7
#
#
#
#
678,148.0,2
-1,0.0,3
#
#
#
#
#
#
#
#
#
#
-1,0.0,5
-1,0.0,2
#
#
#
#
#
#
275,253.0,4
-1,0.0,1
#
#
-1,0.0,1
212,85.0,9
464,19.0,1
-1,0.0,2
#
#
#
#
#
#
258,0.0,9
-1,0.0,4
347,14.0,9
-1,0.0,3
#
#
#
#
#
#
#
#
#
#
#
#
#
#
#
#
-1,0.0,2
-1,0.0,8
-1,0.0,5
540,158.0,4
#
#
#
#
#
#
-1,0.0,2
-1,0.0,7
#
#
#
#
#
#
#
#
#
#
349,240.0,3
-1,0.0,6
-1,0.0,8
132,172.0,6
269,247.0,6
-1,0.0,2
#
#
#
#
#
#
#
#
-1,0.0,3
-1,0.0,2
#
#
#
#
-1,0.0,4
-1,0.0,1
#
#
-1,0.0,1
157,254.0,4
#
#
#
#
#
#
#
#
-1,0.0,9
439,199.0,8
157,253.0,9
-1,0.0,4
#
#
#
#
-1,0.0,4
657,42.0,8
-1,0.0,3
-1,0.0,1
#
#
#
#
#
#
-1,0.0,7
-1,0.0,4
#
#
#
#
#
#
-1,0.0,4
276,248.0,9
#
#
434,12.0,8
658,0.0,8
#
#
434,63.0,8
-1,0.0,3
#
#
742,4.0,8
-1,0.0,3
430,249.0,8
-1,0.0,9
210,254.0,4
-1,0.0,6
#
#
-1,0.0,1
-1,0.0,5
#
#
#
#
#
#
#
#
#
#
-1,0.0,1
-1,0.0,7
#
#
#
#
#
#
158,253.0,0
-1,0.0,7
#
#
#
#
-1,0.0,7
-1,0.0,8
598,0.0,4
-1,0.0,9
#
#
#
#
-1,0.0,3
411,253.0,8
#
#
#
#
72,0.0,0
-1,0.0,0
#
#
378,18.0,0
212,0.0,0
#
#
#
#
#
#
#
#
#
#
355,32.0,5
-1,0.0,8
100,0.0,5
-1,0.0,1
66,0.0,4
526,15.0,4
#
#
#
#
#
#
-1,0.0,4
379,222.0,2
#
#
#
#
#
#
#
#
-1,0.0,4
-1,0.0,6
91,0.0,7
-1,0.0,4
#
#
518,234.0,9
406,11.0,9
#
#
461,254.0,7
-1,0.0,9
-1,0.0,7
-1,0.0,2
-1,0.0,2
-1,0.0,7
#
#
#
#
#
#
-1,0.0,2
-1,0.0,7
#
#
#
#
#
#
#
#
#
#
-1,0.0,7
-1,0.0,3
#
#
#
#
#
#
433,167.0,9
-1,0.0,2
#
#
-1,0.0,2
-1,0.0,7
#
#
#
#
#
#
328,156.0,5
-1,0.0,5
#
#
-1,0.0,4
-1,0.0,3
#
#
#
#
#
#
#
#
-1,0.0,7
-1,0.0,5
191,163.0,9
-1,0.0,2
#
#
#
#
#
#
#
#
-1,0.0,4
-1,0.0,9
-1,0.0,7
517,83.0,3
#
#
181,92.0,3
677,0.0,7
#
#
545,150.0,9
-1,0.0,4
#
#
#
#
-1,0.0,7
157,74.0,9
-1,0.0,9
-1,0.0,4
#
#
295,187.0,9
-1,0.0,4
179,84.0,4
-1,0.0,9
414,85.0,9
-1,0.0,5
-1,0.0,8
259,239.0,9
-1,0.0,4
-1,0.0,4
#
#
#
#
#
#
191,167.0,2
-1,0.0,7
#
#
-1,0.0,4
-1,0.0,2
#
#
-1,0.0,8
211,13.0,9
#
#
#
#
-1,0.0,2
291,0.0,8
#
#
#
#
#
#
#
#
463,254.0,2
-1,0.0,1
#
#
#
#
#
#
-1,0.0,2
464,253.0,2
#
#
296,254.0,2
-1,0.0,3
-1,0.0,3
-1,0.0,2
678,7.0,2
287,14.0,2
#
#
#
#
#
#
#
#
160,194.0,9
-1,0.0,8
#
#
#
#
#
#
#
#
-1,0.0,9
149,80.0,8
#
#
130,153.0,4
-1,0.0,2
#
#
543,0.0,6
-1,0.0,6
#
#
514,254.0,2
-1,0.0,4
#
#
147,253.0,5
-1,0.0,6
#
#
#
#
#
#
485,0.0,9
-1,0.0,8
#
#
#
#
#
#
-1,0.0,8
324,242.0,8
#
#
#
#
#
#
#
#
#
#
-1,0.0,5
402,82.0,4
#
#
#
#
#
#
-1,0.0,9
-1,0.0,4
#
#
187,125.0,9
-1,0.0,7
#
#
-1,0.0,5
-1,0.0,0
#
#
#
#
#
#
#
#
#
#
#
#
#
#
#
#
101,0.0,3
-1,0.0,1
#
#
#
#
#
#
#
#
#
#
#
#
189,253.0,6
-1,0.0,0
#
#
-1,0.0,1
208,0.0,2
#
#
350,14.0,3
-1,0.0,5
#
#
485,64.0,3
125,13.0,3
#
#
#
#
-1,0.0,8
-1,0.0,3
#
#
#
#
180,0.0,3
-1,0.0,5
#
#
492,3.0,3
-1,0.0,3
-1,0.0,3
-1,0.0,2
#
#
#
#
312,103.0,3
-1,0.0,2
#
#
329,185.0,3
-1,0.0,9
#
#
220,0.0,7
-1,0.0,3
#
#
-1,0.0,4
580,253.0,4
#
#
#
#
#
#
274,185.0,5
-1,0.0,6
#
#
-1,0.0,9
-1,0.0,5
#
#
#
#
#
#
209,0.0,9
-1,0.0,5
#
#
#
#
-1,0.0,9
-1,0.0,4
708,105.0,9
-1,0.0,4
-1,0.0,9
-1,0.0,4
-1,0.0,4
-1,0.0,8
#
#
102,163.0,5
-1,0.0,9
#
#
#
#
#
#
295,118.0,5
-1,0.0,3
#
#
#
#
#
#
456,250.0,5
-1,0.0,6
#
#
#
#
#
#
#
#
434,251.0,3
-1,0.0,6
510,253.0,5
-1,0.0,5
#
#
-1,0.0,3
-1,0.0,9
#
#
#
#
#
#
#
#
#
#
-1,0.0,5
-1,0.0,3
#
#
#
#
#
#
261,164.0,3
-1,0.0,9
#
#
-1,0.0,8
326,0.0,9
633,109.0,5
-1,0.0,7
344,141.0,3
378,21.0,5
-1,0.0,0
-1,0.0,8
#
#
#
#
-1,0.0,8
-1,0.0,8
#
#
-1,0.0,8
-1,0.0,5
#
#
-1,0.0,6
-1,0.0,0
#
#
129,254.0,5
-1,0.0,6
#
#
375,6.0,8
-1,0.0,2
#
#
#
#
-1,0.0,0
-1,0.0,6
#
#
#
#
150,77.0,1
237,38.0,1
#
#
-1,0.0,5
-1,0.0,8
#
#
#
#
-1,0.0,1
-1,0.0,7
#
#
#
#
#
#
#
#
-1,0.0,6
-1,0.0,2
#
#
#
#
#
#
-1,0.0,1
-1,0.0,7
#
#
#
#
#
#
#
#
#
#
#
#
#
#
#
#
-1,0.0,1
229,0.0,1
#
#
#
#
286,0.0,2
-1,0.0,5
#
#
#
#
#
#
247,202.0,4
-1,0.0,9
#
#
#
#
#
#
#
#
628,252.0,2
-1,0.0,3
653,254.0,7
-1,0.0,2
#
#
#
#
154,254.0,1
-1,0.0,2
#
#
-1,0.0,3
-1,0.0,7
-1,0.0,2
-1,0.0,1
#
#
#
#
#
#
#
#
-1,0.0,7
-1,0.0,7
292,215.0,2
-1,0.0,7
#
#
#
#
#
#
130,23.0,4
-1,0.0,5
#
#
#
#
-1,0.0,4
205,9.0,9
-1,0.0,1
573,199.0,4
#
#
-1,0.0,9
-1,0.0,7
#
#
-1,0.0,1
-1,0.0,9
#
#
#
#
#
#
#
#
234,0.0,4
-1,0.0,2
#
#
#
#
-1,0.0,1
-1,0.0,3
#
#
#
#
-1,0.0,6
-1,0.0,8
177,252.0,6
548,29.0,6
#
#
#
#
#
#
#
#
#
#
#
#
239,254.0,4
-1,0.0,9
#
#
373,254.0,8
-1,0.0,5
-1,0.0,9
-1,0.0,8
#
#
#
#
-1,0.0,9
-1,0.0,8
#
#
#
#
#
#
#
#
#
#
347,1.0,9
-1,0.0,5
-1,0.0,8
565,10.0,8
-1,0.0,4
-1,0.0,8
-1,0.0,3
440,254.0,8
#
#
515,7.0,8
-1,0.0,7
#
#
379,0.0,8
-1,0.0,4
#
#
-1,0.0,4
-1,0.0,9
#
#
#
#
#
#
#
#
#
#
-1,0.0,0
-1,0.0,4
#
#
#
#
#
#
-1,0.0,4
-1,0.0,6
#
#
#
#
483,252.0,8
-1,0.0,4
711,128.0,0
-1,0.0,6
#
#
201,77.0,0
-1,0.0,5
427,0.0,0
174,1.0,0
125,214.0,5
-1,0.0,8
#
#
123,0.0,5
-1,0.0,6
#
#
277,124.0,4
-1,0.0,6
446,0.0,4
-1,0.0,6
#
#
-1,0.0,2
-1,0.0,1
#
#
#
#
188,238.0,7
-1,0.0,3
#
#
211,20.0,9
401,0.0,9
-1,0.0,7
521,228.0,9
507,0.0,7
690,49.0,7
#
#
#
#
#
#
#
#
#
#
#
#
#
#
#
#
#
#
158,247.0,9
-1,0.0,8
#
#
#
#
#
#
379,193.0,5
-1,0.0,9
#
#
#
#
#
#
#
#
#
#
630,252.0,9
-1,0.0,4
#
#
#
#
#
#
#
#
152,254.0,3
-1,0.0,8
-1,0.0,7
-1,0.0,3
551,178.0,7
-1,0.0,3
437,4.0,9
-1,0.0,8
#
#
#
#
347,73.0,9
-1,0.0,8
#
#
#
#
287,207.0,9
-1,0.0,4
#
#
105,0.0,4
-1,0.0,9
#
#
581,102.0,9
-1,0.0,4
#
#
#
#
158,23.0,9
-1,0.0,8
#
#
#
#
654,38.0,2
-1,0.0,5
#
#
#
#
#
#
#
#
-1,0.0,9
147,0.0,9
#
#
-1,0.0,2
132,21.0,8
-1,0.0,2
-1,0.0,1
#
#
#
#
-1,0.0,2
-1,0.0,3
535,164.0,2
-1,0.0,7
#
#
#
#
#
#
655,201.0,2
-1,0.0,2
-1,0.0,2
-1,0.0,7
289,254.0,9
-1,0.0,8
#
#
#
#
-1,0.0,8
-1,0.0,8
328,251.0,4
-1,0.0,4
#
#
484,0.0,6
637,88.0,6
#
#
132,253.0,2
-1,0.0,4
#
#
186,0.0,5
-1,0.0,3
#
#
126,0.0,9
-1,0.0,8
#
#
#
#
515,17.0,8
321,67.0,8
#
#
-1,0.0,3
-1,0.0,4
#
#
#
#
351,0.0,9
-1,0.0,3
#
#
#
#
#
#
-1,0.0,3
-1,0.0,5
#
#
634,208.0,6
-1,0.0,8
#
#
#
#
-1,0.0,5
-1,0.0,2
-1,0.0,2
263,15.0,3
#
#
-1,0.0,3
-1,0.0,8
-1,0.0,3
-1,0.0,2
#
#
#
#
-1,0.0,3
-1,0.0,3
#
#
-1,0.0,3
-1,0.0,3
#
#
#
#
#
#
317,181.0,3
-1,0.0,8
#
#
400,253.0,3
-1,0.0,9
#
#
444,38.0,7
-1,0.0,5
#
#
#
#
-1,0.0,4
-1,0.0,4
519,199.0,5
-1,0.0,4
#
#
#
#
#
#
-1,0.0,4
-1,0.0,9
#
#
#
#
#
#
190,27.0,9
-1,0.0,3
#
#
#
#
#
#
#
#
#
#
-1,0.0,5
-1,0.0,6
#
#
186,0.0,5
-1,0.0,1
#
#
453,252.0,5
-1,0.0,5
#
#
321,91.0,3
-1,0.0,5
#
#
-1,0.0,5
-1,0.0,5
#
#
#
#
#
#
#
#
#
#
-1,0.0,3
-1,0.0,8
#
#
#
#
-1,0.0,3
235,25.0,9
-1,0.0,5
-1,0.0,3
#
#
351,0.0,3
-1,0.0,9
243,252.0,5
658,252.0,3
#
#
#
#
#
#
#
#
#
#
#
#
#
#
#
#
-1,0.0,5
-1,0.0,5
#
#
-1,0.0,9
443,58.0,8
#
#
#
#
#
#
382,72.0,1
294,63.0,1
603,28.0,1
323,233.0,8
#
#
#
#
#
#
#
#
#
#
#
#
#
#
#
#
#
#
-1,0.0,1
-1,0.0,7
-1,0.0,2
-1,0.0,7
#
#
-1,0.0,4
-1,0.0,5
#
#
-1,0.0,2
-1,0.0,2
#
#
463,88.0,7
-1,0.0,3
#
#
-1,0.0,1
-1,0.0,7
#
#
#
#
#
#
#
#
#
#
#
#
#
#
318,231.0,2
-1,0.0,2
#
#
154,254.0,4
-1,0.0,6
#
#
#
#
188,96.0,9
-1,0.0,8
#
#
-1,0.0,4
-1,0.0,3
#
#
#
#
#
#
#
#
-1,0.0,4
-1,0.0,9
#
#
#
#
#
#
#
#
#
#
323,254.0,6
209,242.0,6
-1,0.0,2
606,235.0,6
437,0.0,4
-1,0.0,9
#
#
352,4.0,8
-1,0.0,4
#
#
#
#
#
#
#
#
#
#
-1,0.0,1
351,0.0,9
#
#
#
#
657,2.0,8
-1,0.0,8
#
#
#
#
#
#
-1,0.0,8
-1,0.0,7
-1,0.0,3
706,51.0,8
#
#
-1,0.0,5
487,0.0,8
#
#
#
#
#
#
#
#
#
#
#
#
#
#
434,53.0,8
-1,0.0,5
#
#
293,254.0,0
-1,0.0,5
#
#
405,176.0,0
-1,0.0,4
#
#
-1,0.0,5
-1,0.0,0
165,0.0,0
-1,0.0,3
514,223.0,5
-1,0.0,3
#
#
486,71.0,5
-1,0.0,1
#
#
745,0.0,4
-1,0.0,4
#
#
287,253.0,4
-1,0.0,2
#
#
#
#
#
#
208,239.0,7
-1,0.0,1
#
#
-1,0.0,9
319,251.0,9
-1,0.0,7
-1,0.0,9
#
#
-1,0.0,9
-1,0.0,3
539,124.0,7
-1,0.0,3
634,136.0,7
-1,0.0,2
175,130.0,9
-1,0.0,4
#
#
123,163.0,5
-1,0.0,9
#
#
468,147.0,9
295,12.0,9
#
#
-1,0.0,3
-1,0.0,7
#
#
#
#
#
#
321,128.0,7
-1,0.0,3
#
#
-1,0.0,3
442,234.0,9
#
#
-1,0.0,4
161,0.0,9
#
#
409,26.0,9
-1,0.0,4
#
#
185,253.0,4
-1,0.0,6
#
#
247,237.0,9
-1,0.0,9
#
#
464,21.0,9
-1,0.0,8
#
#
303,227.0,2
-1,0.0,7
#
#
#
#
234,252.0,9
-1,0.0,5
#
#
-1,0.0,8
-1,0.0,6
#
#
#
#
#
#
#
#
542,254.0,2
-1,0.0,2
#
#
628,253.0,2
247,130.0,2
#
#
#
#
#
#
-1,0.0,9
-1,0.0,8
#
#
#
#
#
#
-1,0.0,4
-1,0.0,4
#
#
-1,0.0,5
436,254.0,6
305,190.0,6
-1,0.0,5
219,85.0,2
-1,0.0,9
#
#
239,128.0,5
542,203.0,5
#
#
211,253.0,9
-1,0.0,5
#
#
-1,0.0,8
-1,0.0,8
125,253.0,8
-1,0.0,4
#
#
#
#
-1,0.0,4
255,0.0,9
#
#
#
#
#
#
98,253.0,6
-1,0.0,8
#
#
#
#
#
#
#
#
-1,0.0,3
-1,0.0,3
#
#
#
#
#
#
#
#
#
#
#
#
#
#
#
#
487,227.0,3
-1,0.0,8
#
#
711,216.0,3
-1,0.0,9
#
#
736,14.0,7
-1,0.0,4
#
#
#
#
#
#
714,252.0,5
-1,0.0,5
#
#
#
#
#
#
415,12.0,9
-1,0.0,4
#
#
#
#
#
#
275,252.0,5
-1,0.0,6
#
#
619,51.0,5
-1,0.0,5
#
#
-1,0.0,3
239,0.0,3
#
#
#
#
#
#
#
#
#
#
#
#
-1,0.0,3
-1,0.0,9
#
#
#
#
-1,0.0,5
130,253.0,3
#
#
-1,0.0,5
-1,0.0,9
320,63.0,3
203,251.0,5
#
#
#
#
#
#
238,254.0,8
-1,0.0,2
191,92.0,1
-1,0.0,1
-1,0.0,3
-1,0.0,1
352,25.0,1
-1,0.0,8
378,92.0,8
-1,0.0,1
#
#
#
#
#
#
#
#
#
#
#
#
#
#
#
#
-1,0.0,7
321,253.0,7
#
#
#
#
#
#
683,36.0,2
-1,0.0,6
#
#
534,0.0,4
-1,0.0,1
#
#
-1,0.0,9
-1,0.0,5
#
#
#
#
#
#
#
#
#
#
204,22.0,6
215,35.0,6
-1,0.0,6
-1,0.0,2
#
#
498,253.0,6
-1,0.0,6
-1,0.0,4
-1,0.0,4
#
#
-1,0.0,9
122,0.0,8
#
#
#
#
-1,0.0,4
404,0.0,9
-1,0.0,4
429,7.0,8
#
#
#
#
#
#
#
#
350,7.0,8
-1,0.0,3
#
#
-1,0.0,4
508,0.0,8
-1,0.0,0
681,253.0,8
#
#
99,147.0,0
-1,0.0,0
#
#
529,124.0,0
-1,0.0,2
#
#
#
#
#
#
661,253.0,0
-1,0.0,5
#
#
490,11.0,5
-1,0.0,5
#
#
-1,0.0,5
-1,0.0,5
#
#
621,44.0,4
-1,0.0,9
#
#
-1,0.0,4
-1,0.0,2
#
#
-1,0.0,7
-1,0.0,7
#
#
#
#
-1,0.0,9
-1,0.0,9
#
#
#
#
#
#
#
#
692,254.0,7
-1,0.0,9
#
#
495,231.0,7
-1,0.0,2
#
#
-1,0.0,9
-1,0.0,4
#
#
608,253.0,5
-1,0.0,3
#
#
175,11.0,9
-1,0.0,4
-1,0.0,9
-1,0.0,7
#
#
#
#
-1,0.0,7
-1,0.0,9
#
#
#
#
-1,0.0,9
-1,0.0,5
#
#
180,175.0,9
-1,0.0,5
-1,0.0,3
184,182.0,9
#
#
-1,0.0,4
-1,0.0,9
#
#
157,171.0,9
-1,0.0,4
#
#
-1,0.0,8
212,4.0,9
#
#
534,0.0,2
-1,0.0,3
#
#
-1,0.0,9
-1,0.0,8
#
#
#
#
#
#
-1,0.0,2
-1,0.0,2
#
#
653,203.0,2
440,253.0,2
377,118.0,2
-1,0.0,3
#
#
#
#
#
#
#
#
#
#
-1,0.0,6
-1,0.0,4
216,59.0,6
-1,0.0,8
#
#
654,183.0,2
-1,0.0,9
#
#
518,0.0,5
-1,0.0,3
-1,0.0,5
-1,0.0,5
-1,0.0,9
-1,0.0,4
#
#
#
#
#
#
-1,0.0,8
-1,0.0,2
#
#
#
#
462,149.0,9
-1,0.0,3
207,0.0,6
-1,0.0,1
#
#
#
#
#
#
-1,0.0,3
-1,0.0,3
#
#
-1,0.0,3
-1,0.0,9
#
#
237,254.0,7
-1,0.0,9
#
#
716,168.0,5
-1,0.0,5
#
#
156,216.0,9
-1,0.0,9
#
#
147,95.0,5
-1,0.0,0
#
#
683,254.0,5
-1,0.0,5
#
#
#
#
-1,0.0,3
-1,0.0,3
#
#
#
#
#
#
228,180.0,3
-1,0.0,5
#
#
#
#
-1,0.0,8
297,48.0,3
300,107.0,5
-1,0.0,3
256,65.0,8
-1,0.0,3
#
#
148,70.0,1
-1,0.0,5
#
#
#
#
#
#
-1,0.0,5
182,102.0,1
#
#
-1,0.0,2
185,254.0,8
#
#
#
#
150,165.0,7
-1,0.0,8
687,132.0,2
-1,0.0,7
#
#
158,50.0,4
-1,0.0,7
#
#
#
#
#
#
-1,0.0,6
-1,0.0,5
271,85.0,6
-1,0.0,5
#
#
#
#
-1,0.0,6
-1,0.0,4
#
#
#
#
#
#
#
#
147,11.0,8
-1,0.0,3
#
#
-1,0.0,9
-1,0.0,9
#
#
711,253.0,8
-1,0.0,8
-1,0.0,8
129,211.0,8
#
#
#
#
601,56.0,8
-1,0.0,3
#
#
319,0.0,8
-1,0.0,5
383,254.0,0
-1,0.0,0
#
#
613,0.0,0
-1,0.0,2
#
#
127,254.0,0
521,253.0,0
#
#
179,56.0,5
-1,0.0,5
#
#
#
#
#
#
528,226.0,4
-1,0.0,5
#
#
#
#
#
#
#
#
#
#
#
#
#
#
607,253.0,7
259,0.0,7
#
#
490,94.0,7
-1,0.0,2
#
#
#
#
#
#
132,101.0,5
-1,0.0,5
#
#
228,77.0,9
-1,0.0,2
#
#
#
#
#
#
#
#
#
#
#
#
#
#
-1,0.0,9
-1,0.0,5
#
#
#
#
-1,0.0,9
-1,0.0,4
#
#
#
#
204,254.0,9
-1,0.0,4
#
#
#
#
-1,0.0,4
409,96.0,9
661,244.0,2
-1,0.0,3
#
#
#
#
#
#
#
#
#
#
-1,0.0,2
596,0.0,2
102,254.0,2
-1,0.0,2
236,254.0,2
-1,0.0,2
#
#
#
#
#
#
137,19.0,6
-1,0.0,4
#
#
-1,0.0,2
-1,0.0,0
#
#
-1,0.0,5
-1,0.0,4
#
#
#
#
#
#
#
#
#
#
#
#
#
#
-1,0.0,9
-1,0.0,9
#
#
-1,0.0,6
-1,0.0,6
#
#
#
#
#
#
#
#
#
#
-1,0.0,7
264,205.0,7
#
#
-1,0.0,5
-1,0.0,5
#
#
482,254.0,9
-1,0.0,5
#
#
526,175.0,5
-1,0.0,3
#
#
712,108.0,5
205,254.0,5
#
#
#
#
#
#
468,0.0,3
-1,0.0,7
#
#
#
#
-1,0.0,5
-1,0.0,3
154,186.0,5
-1,0.0,9
#
#
679,189.0,8
-1,0.0,3
#
#
378,13.0,1
-1,0.0,1
#
#
#
#
238,220.0,1
-1,0.0,7
#
#
-1,0.0,8
-1,0.0,7
657,252.0,7
-1,0.0,2
#
#
275,31.0,2
-1,0.0,7
#
#
521,156.0,4
-1,0.0,9
#
#
#
#
#
#
104,254.0,6
-1,0.0,5
#
#
#
#
#
#
599,247.0,8
-1,0.0,3
#
#
#
#
#
#
551,254.0,8
183,0.0,8
#
#
#
#
439,253.0,8
656,12.0,8
-1,0.0,4
129,125.0,8
#
#
-1,0.0,3
126,7.0,8
#
#
573,253.0,0
-1,0.0,0
#
#
68,0.0,0
-1,0.0,2
#
#
-1,0.0,0
-1,0.0,0
630,13.0,0
-1,0.0,2
-1,0.0,5
-1,0.0,3
#
#
570,192.0,4
-1,0.0,4
#
#
722,23.0,7
176,221.0,7
-1,0.0,2
-1,0.0,7
-1,0.0,7
159,0.0,7
#
#
380,61.0,5
-1,0.0,5
#
#
201,4.0,9
-1,0.0,3
#
#
#
#
#
#
#
#
#
#
490,244.0,9
-1,0.0,7
#
#
#
#
-1,0.0,9
517,249.0,9
497,254.0,2
-1,0.0,3
#
#
#
#
-1,0.0,1
-1,0.0,2
-1,0.0,2
128,84.0,2
#
#
598,9.0,2
-1,0.0,2
#
#
272,32.0,6
-1,0.0,5
#
#
#
#
#
#
#
#
#
#
#
#
#
#
#
#
#
#
#
#
-1,0.0,9
-1,0.0,7
#
#
#
#
210,16.0,9
-1,0.0,2
#
#
-1,0.0,5
-1,0.0,5
#
#
-1,0.0,5
-1,0.0,9
-1,0.0,5
-1,0.0,3
-1,0.0,3
-1,0.0,3
#
#
#
#
#
#
483,0.0,5
-1,0.0,3
#
#
378,50.0,8
-1,0.0,3
#
#
-1,0.0,5
539,84.0,1
#
#
183,203.0,1
-1,0.0,1
#
#
#
#
#
#
-1,0.0,7
-1,0.0,7
#
#
69,67.0,2
-1,0.0,8
#
#
716,207.0,4
-1,0.0,9
#
#
350,254.0,6
-1,0.0,6
#
#
-1,0.0,8
-1,0.0,8
#
#
-1,0.0,8
551,254.0,8
-1,0.0,4
-1,0.0,8
347,2.0,8
-1,0.0,3
-1,0.0,5
121,0.0,8
#
#
-1,0.0,8
-1,0.0,1
#
#
488,96.0,8
-1,0.0,8
-1,0.0,0
-1,0.0,0
#
#
520,253.0,0
-1,0.0,6
#
#
#
#
#
#
-1,0.0,0
-1,0.0,0
#
#
#
#
#
#
720,191.0,4
491,38.0,4
#
#
150,247.0,7
-1,0.0,2
-1,0.0,7
-1,0.0,2
#
#
#
#
#
#
313,254.0,7
-1,0.0,1
435,0.0,5
-1,0.0,5
#
#
239,153.0,9
-1,0.0,7
#
#
157,0.0,9
177,88.0,9
#
#
#
#
194,0.0,9
605,40.0,9
563,253.0,2
-1,0.0,2
#
#
#
#
#
#
#
#
-1,0.0,1
-1,0.0,2
-1,0.0,2
544,19.0,2
#
#
405,252.0,6
-1,0.0,6
#
#
#
#
#
#
-1,0.0,7
233,253.0,9
#
#
#
#
#
#
#
#
#
#
#
#
#
#
#
#
#
#
-1,0.0,5
-1,0.0,8
#
#
-1,0.0,5
377,72.0,8
#
#
#
#
244,252.0,1
-1,0.0,1
-1,0.0,1
-1,0.0,1
#
#
#
#
#
#
74,83.0,2
-1,0.0,1
#
#
247,252.0,4
-1,0.0,9
#
#
-1,0.0,6
-1,0.0,6
#
#
#
#
#
#
#
#
-1,0.0,8
-1,0.0,8
#
#
#
#
-1,0.0,8
126,254.0,8
#
#
#
#
127,7.0,8
-1,0.0,5
#
#
#
#
-1,0.0,8
-1,0.0,8
#
#
#
#
#
#
267,231.0,0
582,121.0,0
#
#
#
#
#
#
554,250.0,4
181,133.0,4
-1,0.0,4
121,0.0,4
348,254.0,7
-1,0.0,4
#
#
#
#
#
#
525,190.0,7
-1,0.0,3
#
#
-1,0.0,5
180,254.0,5
#
#
-1,0.0,7
408,42.0,9
#
#
275,246.0,9
-1,0.0,5
189,132.0,9
-1,0.0,7
595,0.0,9
-1,0.0,4
433,60.0,9
-1,0.0,8
-1,0.0,2
-1,0.0,2
#
#
#
#
#
#
#
#
271,254.0,2
-1,0.0,2
-1,0.0,6
155,4.0,6
#
#
#
#
263,0.0,9
353,11.0,9
#
#
#
#
#
#
-1,0.0,0
237,253.0,8
708,0.0,1
601,254.0,1
#
#
#
#
#
#
256,225.0,2
-1,0.0,1
#
#
-1,0.0,4
-1,0.0,4
#
#
#
#
#
#
#
#
#
#
#
#
406,11.0,8
-1,0.0,8
-1,0.0,2
-1,0.0,8
#
#
#
#
#
#
-1,0.0,0
211,0.0,0
688,112.0,0
-1,0.0,2
229,254.0,4
209,50.0,4
179,251.0,4
-1,0.0,9
#
#
126,96.0,4
-1,0.0,6
570,241.0,7
379,234.0,7
#
#
732,59.0,7
-1,0.0,2
#
#
#
#
-1,0.0,5
-1,0.0,5
#
#
-1,0.0,7
435,254.0,9
524,167.0,9
-1,0.0,5
#
#
707,22.0,9
-1,0.0,4
#
#
257,10.0,9
-1,0.0,3
#
#
-1,0.0,4
286,4.0,9
#
#
#
#
#
#
-1,0.0,2
-1,0.0,3
#
#
#
#
-1,0.0,6
178,244.0,6
-1,0.0,4
522,253.0,9
-1,0.0,3
209,0.0,9
#
#
-1,0.0,8
-1,0.0,8
66,0.0,1
-1,0.0,7
135,64.0,1
-1,0.0,7
619,144.0,2
-1,0.0,3
#
#
#
#
#
#
-1,0.0,8
515,23.0,8
#
#
#
#
#
#
#
#
-1,0.0,0
-1,0.0,0
635,240.0,0
-1,0.0,9
#
#
597,27.0,4
352,228.0,4
-1,0.0,4
-1,0.0,3
-1,0.0,4
-1,0.0,9
#
#
212,12.0,4
-1,0.0,4
#
#
691,217.0,7
657,252.0,7
378,13.0,7
-1,0.0,1
717,186.0,7
-1,0.0,4
#
#
#
#
#
#
#
#
437,8.0,9
-1,0.0,9
436,3.0,9
-1,0.0,9
#
#
219,110.0,9
-1,0.0,3
#
#
634,254.0,9
-1,0.0,7
#
#
#
#
260,214.0,9
-1,0.0,7
#
#
#
#
#
#
-1,0.0,6
184,251.0,6
#
#
384,210.0,9
207,224.0,9
#
#
-1,0.0,4
709,43.0,9
#
#
#
#
578,126.0,1
-1,0.0,2
#
#
-1,0.0,1
-1,0.0,6
#
#
324,56.0,2
-1,0.0,3
#
#
#
#
-1,0.0,8
-1,0.0,8
#
#
#
#
96,254.0,0
-1,0.0,2
#
#
368,254.0,4
-1,0.0,5
-1,0.0,4
438,5.0,4
#
#
#
#
#
#
#
#
-1,0.0,4
-1,0.0,4
#
#
184,254.0,7
178,39.0,7
-1,0.0,7
-1,0.0,2
270,0.0,7
-1,0.0,1
#
#
631,252.0,7
-1,0.0,7
#
#
-1,0.0,9
-1,0.0,9
#
#
-1,0.0,4
210,81.0,9
#
#
323,248.0,9
-1,0.0,8
#
#
264,0.0,9
-1,0.0,8
#
#
-1,0.0,9
-1,0.0,8
#
#
#
#
289,0.0,6
-1,0.0,5
325,11.0,9
-1,0.0,7
236,86.0,9
-1,0.0,3
#
#
-1,0.0,9
-1,0.0,9
105,118.0,1
-1,0.0,1
#
#
#
#
#
#
622,211.0,2
200,222.0,2
#
#
#
#
#
#
548,0.0,0
-1,0.0,6
#
#
43,0.0,4
368,254.0,4
#
#
#
#
-1,0.0,6
-1,0.0,4
#
#
#
#
180,254.0,7
213,0.0,7
-1,0.0,7
-1,0.0,2
#
#
#
#
-1,0.0,7
-1,0.0,7
#
#
240,21.0,7
-1,0.0,7
#
#
#
#
#
#
#
#
214,21.0,9
212,12.0,9
345,0.0,9
-1,0.0,7
#
#
-1,0.0,9
516,238.0,9
#
#
#
#
#
#
-1,0.0,5
-1,0.0,6
#
#
-1,0.0,9
316,253.0,9
#
#
-1,0.0,9
-1,0.0,9
#
#
#
#
#
#
316,0.0,1
-1,0.0,6
#
#
103,124.0,2
-1,0.0,8
356,189.0,2
-1,0.0,2
-1,0.0,0
99,237.0,0
#
#
474,0.0,4
-1,0.0,2
-1,0.0,4
-1,0.0,7
#
#
#
#
255,252.0,7
550,207.0,7
-1,0.0,9
491,13.0,7
#
#
#
#
#
#
#
#
-1,0.0,7
716,7.0,7
#
#
-1,0.0,4
-1,0.0,9
-1,0.0,9
-1,0.0,9
343,0.0,9
414,71.0,9
#
#
#
#
-1,0.0,9
-1,0.0,9
#
#
#
#
#
#
-1,0.0,9
-1,0.0,9
#
#
#
#
327,0.0,1
-1,0.0,8
#
#
99,253.0,2
-1,0.0,6
#
#
124,254.0,2
-1,0.0,2
#
#
#
#
133,213.0,0
-1,0.0,0
707,73.0,4
-1,0.0,2
#
#
#
#
#
#
520,0.0,7
437,50.0,7
-1,0.0,7
-1,0.0,3
#
#
-1,0.0,3
-1,0.0,7
#
#
-1,0.0,7
-1,0.0,7
#
#
#
#
#
#
#
#
-1,0.0,7
-1,0.0,9
435,5.0,9
-1,0.0,4
#
#
#
#
#
#
#
#
549,84.0,1
-1,0.0,8
#
#
538,177.0,2
-1,0.0,1
#
#
-1,0.0,2
273,188.0,2
#
#
-1,0.0,0
-1,0.0,0
#
#
211,20.0,4
-1,0.0,3
#
#
462,6.0,7
-1,0.0,7
-1,0.0,3
-1,0.0,7
#
#
#
#
#
#
#
#
#
#
#
#
#
#
#
#
-1,0.0,9
212,0.0,9
#
#
458,219.0,1
490,170.0,1
#
#
-1,0.0,2
-1,0.0,2
#
#
#
#
488,0.0,2
-1,0.0,2
#
#
#
#
451,227.0,4
-1,0.0,4
#
#
-1,0.0,7
-1,0.0,7
#
#
#
#
#
#
#
#
-1,0.0,9
745,188.0,9
123,202.0,1
323,173.0,1
-1,0.0,8
159,31.0,1
#
#
#
#
-1,0.0,2
-1,0.0,2
#
#
480,254.0,4
-1,0.0,4
#
#
#
#
#
#
#
#
-1,0.0,9
-1,0.0,9
99,203.0,1
155,170.0,1
-1,0.0,6
-1,0.0,1
#
#
-1,0.0,1
-1,0.0,8
#
#
#
#
149,253.0,4
184,141.0,4
#
#
#
#
#
#
244,1.0,1
-1,0.0,1
-1,0.0,1
-1,0.0,2
#
#
#
#
#
#
#
#
122,129.0,4
237,92.0,4
-1,0.0,4
-1,0.0,2
681,253.0,1
-1,0.0,1
#
#
#
#
#
#
176,254.0,4
-1,0.0,4
154,0.0,4
-1,0.0,3
#
#
#
#
320,253.0,1
152,0.0,1
#
#
692,251.0,4
180,253.0,4
#
#
230,116.0,4
-1,0.0,8
#
#
124,205.0,1
325,237.0,1
236,56.0,1
-1,0.0,3
663,254.0,4
154,117.0,4
-1,0.0,4
-1,0.0,3
-1,0.0,4
-1,0.0,4
#
#
492,221.0,1
127,84.0,1
514,118.0,1
267,123.0,1
-1,0.0,1
-1,0.0,8
#
#
717,163.0,4
233,253.0,4
-1,0.0,4
-1,0.0,9
#
#
#
#
#
#
#
#
180,252.0,1
462,157.0,1
-1,0.0,1
-1,0.0,8
599,254.0,1
-1,0.0,1
-1,0.0,8
-1,0.0,1
#
#
#
#
708,0.0,4
181,211.0,4
-1,0.0,4
-1,0.0,4
#
#
#
#
-1,0.0,1
242,0.0,1
-1,0.0,6
-1,0.0,1
#
#
#
#
-1,0.0,1
320,238.0,1
#
#
#
#
#
#
154,93.0,4
-1,0.0,4
399,254.0,4
-1,0.0,9
#
#
#
#
#
#
-1,0.0,1
-1,0.0,3
#
#
#
#
#
#
-1,0.0,1
-1,0.0,8
-1,0.0,4
156,0.0,4
#
#
-1,0.0,4
-1,0.0,9
#
#
#
#
#
#
#
#
#
#
#
#
177,26.0,4
-1,0.0,9
#
#
#
#
-1,0.0,4
-1,0.0,9
#
#
#
#
#
#
